Restaurant_id,Rating
id_0,3.155
id_1,4.27
id_2,4.42
id_3,4.37
id_4,4.41
id_5,4.37
id_6,3.01
id_7,3.155
id_8,4.155
id_9,4.61
id_10,3.97
id_11,3.67
id_12,3.95
id_13,4.045
id_14,3.655
id_15,3.22
id_16,3.525
id_17,4.035
id_18,2.545
id_19,3.935
id_20,3.86
id_21,4.575
id_22,3.99
id_23,3.95
id_24,4.185
id_25,4.0
id_26,3.965
id_27,4.76
id_28,3.56
id_29,3.24
id_30,4.18
id_31,4.895
id_32,3.655
id_33,3.565
id_34,4.625
id_35,3.78
id_36,4.365
id_37,4.635
id_38,3.87
id_39,4.98
id_40,4.51
id_41,2.96
id_42,4.12
id_43,3.31
id_44,3.925
id_45,3.05
id_46,3.76
id_47,3.96
id_48,4.925
id_49,3.505
id_50,3.92
id_51,4.525
id_52,3.885
id_53,5.0
id_54,4.45
id_55,3.47
id_56,3.735
id_57,4.055
id_58,4.045
id_59,4.25
id_60,4.43
id_61,4.86
id_62,4.47
id_63,4.015
id_64,4.335
id_65,3.66
id_66,4.38
id_67,4.55
id_68,4.065
id_69,4.365
id_70,2.675
id_71,4.605
id_72,4.26
id_73,3.97
id_74,5.0
id_75,4.09
id_76,3.905
id_77,3.835
id_78,3.87
id_79,2.94
id_80,4.305
id_81,5.0
id_82,4.24
id_83,2.895
id_84,4.29
id_85,3.36
id_86,3.83
id_87,4.705
id_88,4.3
id_89,4.025
id_90,3.51
id_91,4.365
id_92,4.28
id_93,3.925
id_94,3.255
id_95,3.58
id_96,4.12
id_97,3.265
id_98,3.81
id_99,4.005
id_100,2.995
id_101,4.14
id_102,3.96
id_103,3.94
id_104,3.82
id_105,4.205
id_106,4.245
id_107,4.305
id_108,4.225
id_109,3.845
id_110,4.19
id_111,3.5
id_112,4.49
id_113,3.825
id_114,4.0
id_115,5.0
id_116,3.675
id_117,4.455
id_118,3.58
id_119,3.745
id_120,3.22
id_121,4.845
id_122,3.915
id_123,4.37
id_124,4.01
id_125,3.875
id_126,3.655
id_127,3.21
id_128,2.59
id_129,4.415
id_130,4.22
id_131,2.835
id_132,4.045
id_133,4.18
id_134,2.935
id_135,3.84
id_136,4.105
id_137,3.585
id_138,4.245
id_139,5.0
id_140,4.055
id_141,5.0
id_142,4.5
id_143,3.57
id_144,3.56
id_145,4.545
id_146,3.505
id_147,3.875
id_148,4.155
id_149,3.96
id_150,4.52
id_151,4.16
id_152,4.33
id_153,1.0
id_154,4.915
id_155,4.595
id_156,4.5
id_157,3.53
id_158,3.77
id_159,3.935
id_160,3.955
id_161,3.465
id_162,4.54
id_163,4.11
id_164,3.875
id_165,4.205
id_166,3.54
id_167,3.92
id_168,2.31
id_169,3.685
id_170,3.665
id_171,4.005
id_172,4.79
id_173,4.495
id_174,3.82
id_175,3.89
id_176,2.01
id_177,4.09
id_178,4.155
id_179,3.06
id_180,3.91
id_181,4.345
id_182,3.86
id_183,3.84
id_184,2.065
id_185,4.67
id_186,4.335
id_187,4.545
id_188,3.515
id_189,4.92
id_190,4.485
id_191,3.54
id_192,4.16
id_193,3.67
id_194,3.82
id_195,4.295
id_196,4.23
id_197,3.23
id_198,4.45
id_199,4.32
id_200,5.0
id_201,4.36
id_202,4.085
id_203,4.16
id_204,5.0
id_205,4.68
id_206,3.95
id_207,3.795
id_208,4.145
id_209,4.015
id_210,4.025
id_211,3.725
id_212,3.475
id_213,3.98
id_214,4.085
id_215,3.665
id_216,3.76
id_217,5.0
id_218,4.065
id_219,3.535
id_220,3.465
id_221,4.99
id_222,4.475
id_223,4.04
id_224,4.4
id_225,3.51
id_226,4.625
id_227,4.21
id_228,4.615
id_229,4.19
id_230,4.03
id_231,4.07
id_232,4.245
id_233,4.325
id_234,4.33
id_235,5.0
id_236,3.745
id_237,4.7
id_238,3.955
id_239,4.405
id_240,4.05
id_241,4.065
id_242,4.46
id_243,4.035
id_244,4.175
id_245,4.1
id_246,5.0
id_247,4.05
id_248,4.925
id_249,4.335
id_250,3.82
id_251,3.985
id_252,3.425
id_253,3.21
id_254,4.37
id_255,4.56
id_256,4.46
id_257,4.53
id_258,4.09
id_259,2.805
id_260,4.025
id_261,4.3
id_262,4.26
id_263,4.53
id_264,2.385
id_265,4.23
id_266,4.01
id_267,3.995
id_268,3.98
id_269,4.32
id_270,4.295
id_271,5.0
id_272,4.47
id_273,4.0
id_274,3.615
id_275,3.845
id_276,4.48
id_277,3.93
id_278,4.3
id_279,4.08
id_280,4.03
id_281,3.995
id_282,3.545
id_283,3.9
id_284,4.39
id_285,3.695
id_286,3.335
id_287,3.73
id_288,4.415
id_289,4.305
id_290,3.95
id_291,4.195
id_292,4.26
id_293,4.98
id_294,3.61
id_295,4.99
id_296,4.055
id_297,4.01
id_298,4.275
id_299,5.0
id_300,3.83
id_301,3.96
id_302,4.485
id_303,4.515
id_304,4.285
id_305,3.375
id_306,4.15
id_307,4.49
id_308,3.72
id_309,4.325
id_310,1.02
id_311,4.17
id_312,4.295
id_313,4.775
id_314,3.695
id_315,4.255
id_316,4.67
id_317,4.3
id_318,3.29
id_319,4.145
id_320,4.485
id_321,4.33
id_322,3.585
id_323,3.84
id_324,4.36
id_325,3.0
id_326,4.545
id_327,4.045
id_328,4.495
id_329,4.705
id_330,4.675
id_331,4.0
id_332,3.825
id_333,4.23
id_334,4.205
id_335,4.365
id_336,3.965
id_337,4.335
id_338,4.385
id_339,4.75
id_340,3.015
id_341,4.48
id_342,2.78
id_343,4.01
id_344,3.905
id_345,3.645
id_346,3.0
id_347,3.82
id_348,4.92
id_349,4.0
id_350,2.815
id_351,4.0
id_352,3.86
id_353,4.155
id_354,3.585
id_355,3.13
id_356,4.2
id_357,2.785
id_358,4.7
id_359,4.165
id_360,4.0
id_361,3.62
id_362,4.165
id_363,3.805
id_364,4.505
id_365,5.0
id_366,2.715
id_367,3.405
id_368,3.28
id_369,4.35
id_370,4.47
id_371,4.03
id_372,4.145
id_373,3.945
id_374,3.445
id_375,3.71
id_376,4.48
id_377,3.23
id_378,3.185
id_379,4.475
id_380,3.995
id_381,3.815
id_382,4.59
id_383,3.53
id_384,4.27
id_385,3.635
id_386,4.2
id_387,4.835
id_388,4.31
id_389,4.125
id_390,4.005
id_391,4.14
id_392,3.27
id_393,4.005
id_394,4.135
id_395,3.875
id_396,4.075
id_397,4.16
id_398,4.495
id_399,2.625
id_400,4.375
id_401,4.145
id_402,4.825
id_403,4.28
id_404,3.76
id_405,4.215
id_406,4.535
id_407,3.255
id_408,4.625
id_409,4.33
id_410,3.505
id_411,3.655
id_412,3.665
id_413,4.86
id_414,3.45
id_415,4.125
id_416,2.475
id_417,4.12
id_418,4.66
id_419,3.91
id_420,3.83
id_421,2.085
id_422,4.13
id_423,3.885
id_424,2.71
id_425,4.795
id_426,4.265
id_427,5.0
id_428,3.74
id_429,4.305
id_430,4.54
id_431,4.5
id_432,3.245
id_433,4.57
id_434,4.215
id_435,3.605
id_436,3.995
id_437,3.565
id_438,4.115
id_439,4.0
id_440,4.04
id_441,4.47
id_442,4.48
id_443,3.82
id_444,3.845
id_445,4.0
id_446,4.145
id_447,3.495
id_448,4.145
id_449,4.91
id_450,3.66
id_451,4.84
id_452,4.77
id_453,3.685
id_454,4.0
id_455,3.99
id_456,2.47
id_457,2.0
id_458,3.165
id_459,3.53
id_460,3.995
id_461,4.36
id_462,4.23
id_463,4.6
id_464,4.285
id_465,4.645
id_466,5.0
id_467,4.12
id_468,3.62
id_469,4.125
id_470,4.45
id_471,5.0
id_472,5.0
id_473,4.275
id_474,4.285
id_475,4.165
id_476,4.075
id_477,4.845
id_478,4.145
id_479,4.885
id_480,4.11
id_481,4.56
id_482,3.43
id_483,4.055
id_484,4.1
id_485,3.815
id_486,4.865
id_487,3.72
id_488,4.18
id_489,3.965
id_490,3.525
id_491,3.01
id_492,3.45
id_493,3.44
id_494,4.17
id_495,5.0
id_496,3.785
id_497,4.44
id_498,4.045
id_499,2.69
id_500,3.435
id_501,4.585
id_502,3.235
id_503,4.35
id_504,3.185
id_505,4.865
id_506,4.91
id_507,1.625
id_508,4.05
id_509,4.1
id_510,4.02
id_511,4.0
id_512,3.21
id_513,3.42
id_514,4.845
id_515,4.48
id_516,2.82
id_517,2.975
id_518,4.475
id_519,4.57
id_520,2.135
id_521,1.015
id_522,4.635
id_523,3.71
id_524,4.055
id_525,3.14
id_526,2.7
id_527,4.52
id_528,3.33
id_529,4.305
id_530,3.58
id_531,3.845
id_532,4.62
id_533,4.33
id_534,3.96
id_535,4.78
id_536,4.175
id_537,5.0
id_538,4.7
id_539,3.795
id_540,3.905
id_541,4.105
id_542,3.665
id_543,4.01
id_544,4.44
id_545,3.87
id_546,4.43
id_547,3.64
id_548,4.455
id_549,4.965
id_550,3.18
id_551,3.745
id_552,4.325
id_553,4.04
id_554,3.69
id_555,5.0
id_556,4.735
id_557,2.385
id_558,3.595
id_559,1.0
id_560,1.0
id_561,4.235
id_562,3.135
id_563,4.0
id_564,4.065
id_565,5.0
id_566,3.81
id_567,3.955
id_568,4.33
id_569,4.115
id_570,4.01
id_571,3.83
id_572,4.0
id_573,3.955
id_574,2.635
id_575,3.875
id_576,4.26
id_577,3.785
id_578,3.805
id_579,3.415
id_580,3.775
id_581,4.185
id_582,4.365
id_583,2.695
id_584,4.17
id_585,3.92
id_586,5.0
id_587,4.35
id_588,2.995
id_589,4.185
id_590,3.64
id_591,4.475
id_592,3.0
id_593,4.44
id_594,4.095
id_595,4.545
id_596,3.925
id_597,5.0
id_598,4.49
id_599,3.38
id_600,4.08
id_601,3.915
id_602,2.98
id_603,4.43
id_604,4.19
id_605,5.0
id_606,4.885
id_607,3.33
id_608,3.0
id_609,3.96
id_610,4.07
id_611,4.555
id_612,4.545
id_613,3.92
id_614,3.04
id_615,4.695
id_616,4.385
id_617,4.25
id_618,4.515
id_619,4.035
id_620,4.285
id_621,4.31
id_622,4.27
id_623,3.96
id_624,4.0
id_625,2.74
id_626,4.12
id_627,3.54
id_628,3.855
id_629,4.35
id_630,4.27
id_631,3.945
id_632,3.18
id_633,4.305
id_634,3.97
id_635,4.515
id_636,4.46
id_637,3.715
id_638,3.06
id_639,5.0
id_640,3.94
id_641,3.415
id_642,3.0
id_643,3.825
id_644,3.95
id_645,5.0
id_646,4.475
id_647,2.955
id_648,3.01
id_649,2.75
id_650,4.355
id_651,3.42
id_652,3.98
id_653,4.985
id_654,4.36
id_655,3.5
id_656,4.005
id_657,2.58
id_658,4.24
id_659,4.46
id_660,4.525
id_661,3.94
id_662,3.715
id_663,3.0
id_664,4.565
id_665,4.29
id_666,2.275
id_667,2.545
id_668,3.07
id_669,1.075
id_670,3.98
id_671,2.995
id_672,3.52
id_673,5.0
id_674,4.0
id_675,5.0
id_676,3.92
id_677,1.775
id_678,4.0
id_679,4.505
id_680,3.3
id_681,4.42
id_682,3.32
id_683,4.115
id_684,3.65
id_685,4.145
id_686,4.005
id_687,3.46
id_688,4.44
id_689,4.28
id_690,3.965
id_691,3.68
id_692,4.07
id_693,5.0
id_694,4.085
id_695,4.065
id_696,4.63
id_697,4.495
id_698,3.92
id_699,4.54
id_700,4.375
id_701,3.73
id_702,4.475
id_703,4.44
id_704,3.63
id_705,4.62
id_706,3.88
id_707,4.215
id_708,4.24
id_709,3.275
id_710,4.39
id_711,4.415
id_712,4.17
id_713,4.03
id_714,4.02
id_715,4.085
id_716,3.65
id_717,4.135
id_718,3.51
id_719,4.145
id_720,1.015
id_721,3.31
id_722,4.235
id_723,3.505
id_724,3.48
id_725,4.3
id_726,3.99
id_727,4.345
id_728,4.625
id_729,4.35
id_730,4.14
id_731,4.11
id_732,4.205
id_733,4.03
id_734,4.12
id_735,4.4
id_736,5.0
id_737,4.06
id_738,4.05
id_739,4.06
id_740,2.405
id_741,3.34
id_742,4.005
id_743,4.99
id_744,4.36
id_745,3.49
id_746,3.6
id_747,4.585
id_748,3.455
id_749,3.0
id_750,4.205
id_751,3.985
id_752,3.86
id_753,4.96
id_754,4.445
id_755,3.58
id_756,4.83
id_757,5.0
id_758,2.095
id_759,4.42
id_760,3.9
id_761,3.495
id_762,4.47
id_763,5.0
id_764,4.485
id_765,4.115
id_766,2.645
id_767,3.825
id_768,4.15
id_769,4.215
id_770,3.53
id_771,3.415
id_772,4.125
id_773,4.755
id_774,3.0
id_775,4.435
id_776,3.73
id_777,4.485
id_778,4.3
id_779,4.01
id_780,4.41
id_781,4.12
id_782,4.29
id_783,4.075
id_784,4.0
id_785,4.275
id_786,2.59
id_787,3.655
id_788,3.73
id_789,4.21
id_790,4.695
id_791,4.925
id_792,3.12
id_793,4.04
id_794,3.935
id_795,4.6
id_796,4.915
id_797,3.51
id_798,3.89
id_799,3.6
id_800,3.97
id_801,2.665
id_802,4.16
id_803,4.13
id_804,3.86
id_805,2.005
id_806,3.845
id_807,3.585
id_808,4.425
id_809,4.42
id_810,2.57
id_811,4.0
id_812,4.11
id_813,4.355
id_814,4.515
id_815,3.59
id_816,3.035
id_817,4.055
id_818,4.005
id_819,3.395
id_820,4.275
id_821,4.325
id_822,3.715
id_823,4.115
id_824,4.445
id_825,3.72
id_826,4.46
id_827,4.01
id_828,3.76
id_829,4.495
id_830,3.85
id_831,4.145
id_832,4.605
id_833,3.6
id_834,2.48
id_835,3.635
id_836,3.94
id_837,5.0
id_838,3.405
id_839,3.6
id_840,4.43
id_841,3.475
id_842,5.0
id_843,3.66
id_844,4.045
id_845,4.07
id_846,3.545
id_847,3.88
id_848,4.24
id_849,4.5
id_850,4.31
id_851,3.995
id_852,4.335
id_853,4.42
id_854,3.635
id_855,4.49
id_856,3.39
id_857,4.435
id_858,4.06
id_859,4.33
id_860,4.49
id_861,4.045
id_862,4.29
id_863,3.76
id_864,3.95
id_865,3.46
id_866,4.52
id_867,4.26
id_868,1.86
id_869,3.13
id_870,3.38
id_871,3.3
id_872,4.03
id_873,3.89
id_874,4.09
id_875,4.145
id_876,4.095
id_877,4.055
id_878,4.0
id_879,4.97
id_880,3.42
id_881,3.83
id_882,3.805
id_883,3.05
id_884,4.315
id_885,5.0
id_886,4.075
id_887,4.99
id_888,5.0
id_889,3.605
id_890,3.515
id_891,4.335
id_892,4.0
id_893,4.145
id_894,4.14
id_895,1.035
id_896,4.225
id_897,4.485
id_898,3.945
id_899,4.605
id_900,4.09
id_901,4.01
id_902,4.155
id_903,3.69
id_904,4.51
id_905,4.005
id_906,4.73
id_907,4.395
id_908,3.81
id_909,3.875
id_910,3.18
id_911,2.775
id_912,3.785
id_913,3.865
id_914,4.0
id_915,3.985
id_916,3.865
id_917,4.61
id_918,4.4
id_919,4.605
id_920,4.34
id_921,3.745
id_922,3.95
id_923,3.935
id_924,4.14
id_925,4.245
id_926,5.0
id_927,4.425
id_928,4.495
id_929,3.03
id_930,3.565
id_931,3.825
id_932,3.49
id_933,4.535
id_934,3.94
id_935,2.71
id_936,4.02
id_937,4.56
id_938,4.03
id_939,4.495
id_940,3.835
id_941,4.25
id_942,4.065
id_943,3.505
id_944,4.785
id_945,4.035
id_946,4.965
id_947,4.17
id_948,4.715
id_949,4.495
id_950,4.135
id_951,4.02
id_952,3.91
id_953,4.465
id_954,3.4
id_955,4.44
id_956,4.01
id_957,4.02
id_958,3.995
id_959,3.795
id_960,3.875
id_961,3.635
id_962,3.985
id_963,3.63
id_964,4.685
id_965,3.89
id_966,4.01
id_967,5.0
id_968,4.63
id_969,3.655
id_970,4.785
id_971,3.745
id_972,4.05
id_973,3.645
id_974,4.86
id_975,4.07
id_976,4.98
id_977,2.385
id_978,3.965
id_979,4.195
id_980,3.98
id_981,3.735
id_982,3.825
id_983,3.83
id_984,4.035
id_985,4.005
id_986,4.715
id_987,3.5
id_988,4.57
id_989,3.74
id_990,3.725
id_991,3.91
id_992,4.45
id_993,3.375
id_994,4.23
id_995,3.105
id_996,4.43
id_997,3.73
id_998,3.99
id_999,5.0
id_1000,4.855
id_1001,3.165
id_1002,4.28
id_1003,3.59
id_1004,4.805
id_1005,4.32
id_1006,4.5
id_1007,4.675
id_1008,3.03
id_1009,3.955
id_1010,4.385
id_1011,4.195
id_1012,2.405
id_1013,3.76
id_1014,3.265
id_1015,3.515
id_1016,3.76
id_1017,5.0
id_1018,4.17
id_1019,4.475
id_1020,3.78
id_1021,2.99
id_1022,4.105
id_1023,4.27
id_1024,4.38
id_1025,3.295
id_1026,4.0
id_1027,4.51
id_1028,4.09
id_1029,3.395
id_1030,4.095
id_1031,4.485
id_1032,4.16
id_1033,3.575
id_1034,4.02
id_1035,4.51
id_1036,2.33
id_1037,4.0
id_1038,4.99
id_1039,3.84
id_1040,3.765
id_1041,4.135
id_1042,4.315
id_1043,3.11
id_1044,4.36
id_1045,4.135
id_1046,4.445
id_1047,4.0
id_1048,3.755
id_1049,2.86
id_1050,3.835
id_1051,4.72
id_1052,4.285
id_1053,3.98
id_1054,4.49
id_1055,4.655
id_1056,2.885
id_1057,4.395
id_1058,3.995
id_1059,3.54
id_1060,3.92
id_1061,4.29
id_1062,3.68
id_1063,4.285
id_1064,4.155
id_1065,4.165
id_1066,4.48
id_1067,4.145
id_1068,3.425
id_1069,4.53
id_1070,4.525
id_1071,5.0
id_1072,2.995
id_1073,4.46
id_1074,4.67
id_1075,2.765
id_1076,3.9
id_1077,2.54
id_1078,4.015
id_1079,4.455
id_1080,4.09
id_1081,4.085
id_1082,4.1
id_1083,4.475
id_1084,4.445
id_1085,3.16
id_1086,3.685
id_1087,4.4
id_1088,4.26
id_1089,3.675
id_1090,2.32
id_1091,4.205
id_1092,2.72
id_1093,3.73
id_1094,4.54
id_1095,3.925
id_1096,3.86
id_1097,3.8
id_1098,3.575
id_1099,4.105
id_1100,4.54
id_1101,2.025
id_1102,3.92
id_1103,4.41
id_1104,3.86
id_1105,4.225
id_1106,3.89
id_1107,4.38
id_1108,4.165
id_1109,4.5
id_1110,4.41
id_1111,4.355
id_1112,4.075
id_1113,3.745
id_1114,5.0
id_1115,4.475
id_1116,4.99
id_1117,4.025
id_1118,3.95
id_1119,4.2
id_1120,4.28
id_1121,4.115
id_1122,3.985
id_1123,4.31
id_1124,4.075
id_1125,4.095
id_1126,2.995
id_1127,3.18
id_1128,4.0
id_1129,3.365
id_1130,5.0
id_1131,1.03
id_1132,3.75
id_1133,3.775
id_1134,3.39
id_1135,4.0
id_1136,3.98
id_1137,4.235
id_1138,4.215
id_1139,4.515
id_1140,3.97
id_1141,4.315
id_1142,4.235
id_1143,4.36
id_1144,3.27
id_1145,4.0
id_1146,2.04
id_1147,3.435
id_1148,3.78
id_1149,4.475
id_1150,4.37
id_1151,3.545
id_1152,3.5
id_1153,4.635
id_1154,4.205
id_1155,4.385
id_1156,3.67
id_1157,4.655
id_1158,4.175
id_1159,4.025
id_1160,4.495
id_1161,4.0
id_1162,4.8
id_1163,1.0
id_1164,4.505
id_1165,4.175
id_1166,3.83
id_1167,2.79
id_1168,4.295
id_1169,3.925
id_1170,4.38
id_1171,4.88
id_1172,3.655
id_1173,4.76
id_1174,3.705
id_1175,4.34
id_1176,4.41
id_1177,3.86
id_1178,3.025
id_1179,4.38
id_1180,4.295
id_1181,3.1
id_1182,3.345
id_1183,3.82
id_1184,4.375
id_1185,3.865
id_1186,4.25
id_1187,4.33
id_1188,4.105
id_1189,3.7
id_1190,4.155
id_1191,3.115
id_1192,2.8
id_1193,3.535
id_1194,4.505
id_1195,4.075
id_1196,4.06
id_1197,4.52
id_1198,3.315
id_1199,3.87
id_1200,4.48
id_1201,4.98
id_1202,4.39
id_1203,4.065
id_1204,4.0
id_1205,3.94
id_1206,4.015
id_1207,3.98
id_1208,3.405
id_1209,3.47
id_1210,4.145
id_1211,3.53
id_1212,4.625
id_1213,3.195
id_1214,4.44
id_1215,4.305
id_1216,4.76
id_1217,3.585
id_1218,3.715
id_1219,3.08
id_1220,3.555
id_1221,1.0
id_1222,3.5
id_1223,3.005
id_1224,4.995
id_1225,3.755
id_1226,4.46
id_1227,4.515
id_1228,4.465
id_1229,4.12
id_1230,4.37
id_1231,4.545
id_1232,1.0
id_1233,4.24
id_1234,4.42
id_1235,4.335
id_1236,4.06
id_1237,3.565
id_1238,4.505
id_1239,3.405
id_1240,4.44
id_1241,4.565
id_1242,3.035
id_1243,3.875
id_1244,3.92
id_1245,4.155
id_1246,4.5
id_1247,3.63
id_1248,4.0
id_1249,4.395
id_1250,4.95
id_1251,5.0
id_1252,4.025
id_1253,3.865
id_1254,4.7
id_1255,3.57
id_1256,3.11
id_1257,5.0
id_1258,3.71
id_1259,4.33
id_1260,4.205
id_1261,4.875
id_1262,4.27
id_1263,4.255
id_1264,5.0
id_1265,3.7
id_1266,3.79
id_1267,4.0
id_1268,4.395
id_1269,3.91
id_1270,5.0
id_1271,4.27
id_1272,3.685
id_1273,2.89
id_1274,4.07
id_1275,4.32
id_1276,4.5
id_1277,5.0
id_1278,4.595
id_1279,3.61
id_1280,4.07
id_1281,4.465
id_1282,4.165
id_1283,4.185
id_1284,4.035
id_1285,3.975
id_1286,4.415
id_1287,4.065
id_1288,4.255
id_1289,4.415
id_1290,4.99
id_1291,4.59
id_1292,4.495
id_1293,4.27
id_1294,3.545
id_1295,4.53
id_1296,4.44
id_1297,3.625
id_1298,4.43
id_1299,4.05
id_1300,5.0
id_1301,3.615
id_1302,4.03
id_1303,3.945
id_1304,4.295
id_1305,4.305
id_1306,4.235
id_1307,4.365
id_1308,4.395
id_1309,3.0
id_1310,4.975
id_1311,3.355
id_1312,3.99
id_1313,2.965
id_1314,4.02
id_1315,3.63
id_1316,3.49
id_1317,4.125
id_1318,4.185
id_1319,4.98
id_1320,3.645
id_1321,4.43
id_1322,3.975
id_1323,2.415
id_1324,4.075
id_1325,4.83
id_1326,3.755
id_1327,3.915
id_1328,3.755
id_1329,2.715
id_1330,3.61
id_1331,3.925
id_1332,3.87
id_1333,4.36
id_1334,3.81
id_1335,3.975
id_1336,2.725
id_1337,3.49
id_1338,5.0
id_1339,4.335
id_1340,3.79
id_1341,3.95
id_1342,3.9
id_1343,4.22
id_1344,3.34
id_1345,4.025
id_1346,4.42
id_1347,4.085
id_1348,4.115
id_1349,4.485
id_1350,3.85
id_1351,3.97
id_1352,3.96
id_1353,3.715
id_1354,4.365
id_1355,4.185
id_1356,3.83
id_1357,4.055
id_1358,4.225
id_1359,4.115
id_1360,4.455
id_1361,3.905
id_1362,3.525
id_1363,3.54
id_1364,4.19
id_1365,4.47
id_1366,3.525
id_1367,5.0
id_1368,3.885
id_1369,4.48
id_1370,4.07
id_1371,4.39
id_1372,4.03
id_1373,4.285
id_1374,4.04
id_1375,4.0
id_1376,3.955
id_1377,4.655
id_1378,3.36
id_1379,4.315
id_1380,4.555
id_1381,4.99
id_1382,4.5
id_1383,3.92
id_1384,4.175
id_1385,4.425
id_1386,4.205
id_1387,4.275
id_1388,4.475
id_1389,3.945
id_1390,3.49
id_1391,3.79
id_1392,4.895
id_1393,2.64
id_1394,3.825
id_1395,3.0
id_1396,3.12
id_1397,4.0
id_1398,4.4
id_1399,4.03
id_1400,3.47
id_1401,4.13
id_1402,4.62
id_1403,4.5
id_1404,4.185
id_1405,3.24
id_1406,2.77
id_1407,4.26
id_1408,4.49
id_1409,3.585
id_1410,4.19
id_1411,3.005
id_1412,3.515
id_1413,4.415
id_1414,4.23
id_1415,2.965
id_1416,3.34
id_1417,3.005
id_1418,2.97
id_1419,4.12
id_1420,3.895
id_1421,3.57
id_1422,4.005
id_1423,4.1
id_1424,4.03
id_1425,4.175
id_1426,4.0
id_1427,3.465
id_1428,4.105
id_1429,3.71
id_1430,3.965
id_1431,3.98
id_1432,3.215
id_1433,2.98
id_1434,4.435
id_1435,3.68
id_1436,3.955
id_1437,3.96
id_1438,2.845
id_1439,4.38
id_1440,3.41
id_1441,4.25
id_1442,4.47
id_1443,4.07
id_1444,3.365
id_1445,4.53
id_1446,3.065
id_1447,2.43
id_1448,4.325
id_1449,3.895
id_1450,4.005
id_1451,3.575
id_1452,4.32
id_1453,4.055
id_1454,4.59
id_1455,3.13
id_1456,3.96
id_1457,4.015
id_1458,3.99
id_1459,4.34
id_1460,4.36
id_1461,4.145
id_1462,4.235
id_1463,4.345
id_1464,4.06
id_1465,2.44
id_1466,3.365
id_1467,4.33
id_1468,3.36
id_1469,4.115
id_1470,4.655
id_1471,3.755
id_1472,4.305
id_1473,4.44
id_1474,3.58
id_1475,4.0
id_1476,4.49
id_1477,3.88
id_1478,4.51
id_1479,3.525
id_1480,2.02
id_1481,4.26
id_1482,4.435
id_1483,4.01
id_1484,4.38
id_1485,4.27
id_1486,3.925
id_1487,3.945
id_1488,3.15
id_1489,4.01
id_1490,4.21
id_1491,4.735
id_1492,3.91
id_1493,4.485
id_1494,3.5
id_1495,3.82
id_1496,4.49
id_1497,4.315
id_1498,4.99
id_1499,3.645
id_1500,3.99
id_1501,2.875
id_1502,3.61
id_1503,3.505
id_1504,4.4
id_1505,5.0
id_1506,4.435
id_1507,4.5
id_1508,3.93
id_1509,1.035
id_1510,3.51
id_1511,4.995
id_1512,4.575
id_1513,2.205
id_1514,3.735
id_1515,4.075
id_1516,3.035
id_1517,4.005
id_1518,3.305
id_1519,4.545
id_1520,4.385
id_1521,4.345
id_1522,4.695
id_1523,3.62
id_1524,4.1
id_1525,4.0
id_1526,2.45
id_1527,4.235
id_1528,4.04
id_1529,3.96
id_1530,3.17
id_1531,3.92
id_1532,2.07
id_1533,4.265
id_1534,3.68
id_1535,4.17
id_1536,3.355
id_1537,3.94
id_1538,4.88
id_1539,4.43
id_1540,1.22
id_1541,3.715
id_1542,4.24
id_1543,3.56
id_1544,3.865
id_1545,5.0
id_1546,2.44
id_1547,4.45
id_1548,4.095
id_1549,4.18
id_1550,3.96
id_1551,3.92
id_1552,3.025
id_1553,4.02
id_1554,4.485
id_1555,3.895
id_1556,4.0
id_1557,4.425
id_1558,3.97
id_1559,4.62
id_1560,4.295
id_1561,3.67
id_1562,3.775
id_1563,4.095
id_1564,4.11
id_1565,3.815
id_1566,4.0
id_1567,3.0
id_1568,3.57
id_1569,4.325
id_1570,3.66
id_1571,4.655
id_1572,3.9
id_1573,4.135
id_1574,3.97
id_1575,3.095
id_1576,3.23
id_1577,4.045
id_1578,3.825
id_1579,3.885
id_1580,4.03
id_1581,4.025
id_1582,4.18
id_1583,3.365
id_1584,4.205
id_1585,4.295
id_1586,3.475
id_1587,4.305
id_1588,3.975
id_1589,2.285
id_1590,4.42
id_1591,2.97
id_1592,3.46
id_1593,4.275
id_1594,4.5
id_1595,3.9
id_1596,3.04
id_1597,4.035
id_1598,3.85
id_1599,3.815
id_1600,3.78
id_1601,4.32
id_1602,4.19
id_1603,4.44
id_1604,4.995
id_1605,3.785
id_1606,4.155
id_1607,4.885
id_1608,4.425
id_1609,4.515
id_1610,3.765
id_1611,3.41
id_1612,4.08
id_1613,4.45
id_1614,4.465
id_1615,4.535
id_1616,4.045
id_1617,4.17
id_1618,4.235
id_1619,3.985
id_1620,4.355
id_1621,3.835
id_1622,4.935
id_1623,4.475
id_1624,4.26
id_1625,4.0
id_1626,3.01
id_1627,2.94
id_1628,4.895
id_1629,2.735
id_1630,4.175
id_1631,3.505
id_1632,4.265
id_1633,4.295
id_1634,4.485
id_1635,4.31
id_1636,4.07
id_1637,3.855
id_1638,5.0
id_1639,3.51
id_1640,2.805
id_1641,4.455
id_1642,4.5
id_1643,4.595
id_1644,4.45
id_1645,4.1
id_1646,4.48
id_1647,4.125
id_1648,3.72
id_1649,3.885
id_1650,3.425
id_1651,4.595
id_1652,4.45
id_1653,4.325
id_1654,4.24
id_1655,4.345
id_1656,4.195
id_1657,4.975
id_1658,3.56
id_1659,4.06
id_1660,5.0
id_1661,4.335
id_1662,3.505
id_1663,4.88
id_1664,3.61
id_1665,4.125
id_1666,4.37
id_1667,3.74
id_1668,4.08
id_1669,3.765
id_1670,4.815
id_1671,3.825
id_1672,4.555
id_1673,3.55
id_1674,2.955
id_1675,3.01
id_1676,4.135
id_1677,4.505
id_1678,3.605
id_1679,3.62
id_1680,3.64
id_1681,5.0
id_1682,4.04
id_1683,4.855
id_1684,4.07
id_1685,2.84
id_1686,4.295
id_1687,3.94
id_1688,3.67
id_1689,3.6
id_1690,4.335
id_1691,3.81
id_1692,4.495
id_1693,4.38
id_1694,3.85
id_1695,4.215
id_1696,4.445
id_1697,3.41
id_1698,4.31
id_1699,4.965
id_1700,4.64
id_1701,5.0
id_1702,4.26
id_1703,3.33
id_1704,4.0
id_1705,3.66
id_1706,3.78
id_1707,3.885
id_1708,2.695
id_1709,3.17
id_1710,4.135
id_1711,3.705
id_1712,4.185
id_1713,4.76
id_1714,4.66
id_1715,5.0
id_1716,4.03
id_1717,4.15
id_1718,4.46
id_1719,4.475
id_1720,4.555
id_1721,4.44
id_1722,4.035
id_1723,3.23
id_1724,3.615
id_1725,3.885
id_1726,3.56
id_1727,3.995
id_1728,4.4
id_1729,4.155
id_1730,4.445
id_1731,3.78
id_1732,4.42
id_1733,2.915
id_1734,4.16
id_1735,3.83
id_1736,3.66
id_1737,3.12
id_1738,5.0
id_1739,3.53
id_1740,3.505
id_1741,3.48
id_1742,4.695
id_1743,4.46
id_1744,4.32
id_1745,3.52
id_1746,4.385
id_1747,4.575
id_1748,3.35
id_1749,4.01
id_1750,3.605
id_1751,3.705
id_1752,4.435
id_1753,4.625
id_1754,3.645
id_1755,3.98
id_1756,4.3
id_1757,3.415
id_1758,4.205
id_1759,4.98
id_1760,3.01
id_1761,4.845
id_1762,4.78
id_1763,4.68
id_1764,3.29
id_1765,3.845
id_1766,4.99
id_1767,4.25
id_1768,4.435
id_1769,4.705
id_1770,4.515
id_1771,3.975
id_1772,3.995
id_1773,4.075
id_1774,3.92
id_1775,3.99
id_1776,4.11
id_1777,4.99
id_1778,4.08
id_1779,4.95
id_1780,4.285
id_1781,4.525
id_1782,2.95
id_1783,4.46
id_1784,4.17
id_1785,4.29
id_1786,3.77
id_1787,3.01
id_1788,4.365
id_1789,4.44
id_1790,3.495
id_1791,4.07
id_1792,4.065
id_1793,4.215
id_1794,4.075
id_1795,4.29
id_1796,4.075
id_1797,4.115
id_1798,3.505
id_1799,3.72
id_1800,4.175
id_1801,3.175
id_1802,3.58
id_1803,4.45
id_1804,3.915
id_1805,4.15
id_1806,4.49
id_1807,2.62
id_1808,4.33
id_1809,3.83
id_1810,4.0
id_1811,4.035
id_1812,3.445
id_1813,3.795
id_1814,4.48
id_1815,3.8
id_1816,4.0
id_1817,2.985
id_1818,4.53
id_1819,3.59
id_1820,4.295
id_1821,5.0
id_1822,4.02
id_1823,4.035
id_1824,4.865
id_1825,4.4
id_1826,4.065
id_1827,2.9
id_1828,4.475
id_1829,3.975
id_1830,3.605
id_1831,4.13
id_1832,2.605
id_1833,3.685
id_1834,4.39
id_1835,4.42
id_1836,4.095
id_1837,1.215
id_1838,3.66
id_1839,1.785
id_1840,3.225
id_1841,4.16
id_1842,3.19
id_1843,4.195
id_1844,4.185
id_1845,4.77
id_1846,3.87
id_1847,3.9
id_1848,4.825
id_1849,3.995
id_1850,4.135
id_1851,4.455
id_1852,4.0
id_1853,5.0
id_1854,3.12
id_1855,4.025
id_1856,4.475
id_1857,4.465
id_1858,4.04
id_1859,4.27
id_1860,4.105
id_1861,3.535
id_1862,3.425
id_1863,3.91
id_1864,3.5
id_1865,4.12
id_1866,3.565
id_1867,4.995
id_1868,4.57
id_1869,4.51
id_1870,4.09
id_1871,4.075
id_1872,3.27
id_1873,4.15
id_1874,3.995
id_1875,4.455
id_1876,4.88
id_1877,4.535
id_1878,2.745
id_1879,2.07
id_1880,4.61
id_1881,4.245
id_1882,3.385
id_1883,4.035
id_1884,4.34
id_1885,4.275
id_1886,4.655
id_1887,4.21
id_1888,3.585
id_1889,4.005
id_1890,3.705
id_1891,5.0
id_1892,3.805
id_1893,3.745
id_1894,4.315
id_1895,3.965
id_1896,4.015
id_1897,3.975
id_1898,3.585
id_1899,3.41
id_1900,3.75
id_1901,4.54
id_1902,2.97
id_1903,4.745
id_1904,4.235
id_1905,4.43
id_1906,3.625
id_1907,4.62
id_1908,4.4
id_1909,4.54
id_1910,3.35
id_1911,3.43
id_1912,4.415
id_1913,3.87
id_1914,3.03
id_1915,3.04
id_1916,4.5
id_1917,4.4
id_1918,3.525
id_1919,3.575
id_1920,4.41
id_1921,4.205
id_1922,3.98
id_1923,4.11
id_1924,3.875
id_1925,2.06
id_1926,4.565
id_1927,3.78
id_1928,4.06
id_1929,4.31
id_1930,4.465
id_1931,4.455
id_1932,4.155
id_1933,5.0
id_1934,3.545
id_1935,4.1
id_1936,4.37
id_1937,3.56
id_1938,4.04
id_1939,3.135
id_1940,4.555
id_1941,4.48
id_1942,5.0
id_1943,4.36
id_1944,3.425
id_1945,4.04
id_1946,4.41
id_1947,4.685
id_1948,3.745
id_1949,3.97
id_1950,3.98
id_1951,4.425
id_1952,4.28
id_1953,3.92
id_1954,5.0
id_1955,4.395
id_1956,4.08
id_1957,4.0
id_1958,4.52
id_1959,4.76
id_1960,4.27
id_1961,4.43
id_1962,4.12
id_1963,3.82
id_1964,4.075
id_1965,5.0
id_1966,2.445
id_1967,5.0
id_1968,4.335
id_1969,4.905
id_1970,3.08
id_1971,4.08
id_1972,3.825
id_1973,4.435
id_1974,4.105
id_1975,4.035
id_1976,4.825
id_1977,4.495
id_1978,3.89
id_1979,4.085
id_1980,3.525
id_1981,4.475
id_1982,4.47
id_1983,4.44
id_1984,4.4
id_1985,3.515
id_1986,3.56
id_1987,4.01
id_1988,3.945
id_1989,4.115
id_1990,4.32
id_1991,3.81
id_1992,4.925
id_1993,4.175
id_1994,4.37
id_1995,4.525
id_1996,4.515
id_1997,4.205
id_1998,1.275
id_1999,4.435
id_2000,4.005
id_2001,3.985
id_2002,4.675
id_2003,4.0
id_2004,3.93
id_2005,3.72
id_2006,4.355
id_2007,4.2
id_2008,3.78
id_2009,4.125
id_2010,3.52
id_2011,4.145
id_2012,4.31
id_2013,3.895
id_2014,4.925
id_2015,3.915
id_2016,4.485
id_2017,4.18
id_2018,4.21
id_2019,3.605
id_2020,2.0
id_2021,4.155
id_2022,2.95
id_2023,4.615
id_2024,3.925
id_2025,4.5
id_2026,4.43
id_2027,2.785
id_2028,4.295
id_2029,4.98
id_2030,4.04
id_2031,2.8
id_2032,3.715
id_2033,4.19
id_2034,4.11
id_2035,4.135
id_2036,3.305
id_2037,4.37
id_2038,3.965
id_2039,2.3
id_2040,4.41
id_2041,3.815
id_2042,3.84
id_2043,4.535
id_2044,4.735
id_2045,4.085
id_2046,4.365
id_2047,3.995
id_2048,3.805
id_2049,4.085
id_2050,4.17
id_2051,4.23
id_2052,3.55
id_2053,4.76
id_2054,3.53
id_2055,4.02
id_2056,3.5
id_2057,4.78
id_2058,2.85
id_2059,4.12
id_2060,4.04
id_2061,4.38
id_2062,4.39
id_2063,4.275
id_2064,5.0
id_2065,4.045
id_2066,3.495
id_2067,3.075
id_2068,4.14
id_2069,4.815
id_2070,4.135
id_2071,4.84
id_2072,3.845
id_2073,3.145
id_2074,4.19
id_2075,4.225
id_2076,4.515
id_2077,4.02
id_2078,3.685
id_2079,3.995
id_2080,4.0
id_2081,3.99
id_2082,2.67
id_2083,4.345
id_2084,4.165
id_2085,4.475
id_2086,5.0
id_2087,4.8
id_2088,4.17
id_2089,4.785
id_2090,4.265
id_2091,4.555
id_2092,4.46
id_2093,5.0
id_2094,3.48
id_2095,3.975
id_2096,4.36
id_2097,4.105
id_2098,3.68
id_2099,4.09
id_2100,4.08
id_2101,3.61
id_2102,3.865
id_2103,3.86
id_2104,4.0
id_2105,4.1
id_2106,3.65
id_2107,4.3
id_2108,3.76
id_2109,5.0
id_2110,4.47
id_2111,2.84
id_2112,4.11
id_2113,1.045
id_2114,4.45
id_2115,3.215
id_2116,4.495
id_2117,4.805
id_2118,4.0
id_2119,4.74
id_2120,3.635
id_2121,4.7
id_2122,4.215
id_2123,4.48
id_2124,4.51
id_2125,3.585
id_2126,4.395
id_2127,4.035
id_2128,2.545
id_2129,4.035
id_2130,4.75
id_2131,3.61
id_2132,3.26
id_2133,4.0
id_2134,4.8
id_2135,4.01
id_2136,3.0
id_2137,3.825
id_2138,3.98
id_2139,4.47
id_2140,4.41
id_2141,4.315
id_2142,4.145
id_2143,4.14
id_2144,4.16
id_2145,4.845
id_2146,2.5
id_2147,4.16
id_2148,3.825
id_2149,4.055
id_2150,3.995
id_2151,3.715
id_2152,5.0
id_2153,4.07
id_2154,3.57
id_2155,3.96
id_2156,3.86
id_2157,4.155
id_2158,3.625
id_2159,4.165
id_2160,4.515
id_2161,3.82
id_2162,3.71
id_2163,4.29
id_2164,4.02
id_2165,4.5
id_2166,4.145
id_2167,4.19
id_2168,3.495
id_2169,4.55
id_2170,4.285
id_2171,3.15
id_2172,4.34
id_2173,4.315
id_2174,3.59
id_2175,4.36
id_2176,5.0
id_2177,4.245
id_2178,3.995
id_2179,3.04
id_2180,3.405
id_2181,2.085
id_2182,4.38
id_2183,3.545
id_2184,3.845
id_2185,4.715
id_2186,3.825
id_2187,3.845
id_2188,3.78
id_2189,5.0
id_2190,3.055
id_2191,5.0
id_2192,4.76
id_2193,3.005
id_2194,3.01
id_2195,4.865
id_2196,3.855
id_2197,4.5
id_2198,4.08
id_2199,3.59
id_2200,4.195
id_2201,4.655
id_2202,4.49
id_2203,4.2
id_2204,4.27
id_2205,2.5
id_2206,3.915
id_2207,4.125
id_2208,2.515
id_2209,3.965
id_2210,4.615
id_2211,3.9
id_2212,3.97
id_2213,4.24
id_2214,4.975
id_2215,4.36
id_2216,3.745
id_2217,5.0
id_2218,4.525
id_2219,4.085
id_2220,4.16
id_2221,3.985
id_2222,3.415
id_2223,4.275
id_2224,3.59
id_2225,4.005
id_2226,4.53
id_2227,3.845
id_2228,3.985
id_2229,1.015
id_2230,4.1
id_2231,4.44
id_2232,3.495
id_2233,3.39
id_2234,4.09
id_2235,3.555
id_2236,1.0
id_2237,4.505
id_2238,3.93
id_2239,4.49
id_2240,3.525
id_2241,3.535
id_2242,3.59
id_2243,3.62
id_2244,4.505
id_2245,4.47
id_2246,3.83
id_2247,4.07
id_2248,3.63
id_2249,4.52
id_2250,4.52
id_2251,3.12
id_2252,3.495
id_2253,4.25
id_2254,4.575
id_2255,4.235
id_2256,4.055
id_2257,3.36
id_2258,3.675
id_2259,3.74
id_2260,3.19
id_2261,4.35
id_2262,4.145
id_2263,4.0
id_2264,4.0
id_2265,3.665
id_2266,4.21
id_2267,4.02
id_2268,3.595
id_2269,4.33
id_2270,4.465
id_2271,4.4
id_2272,4.47
id_2273,2.935
id_2274,3.92
id_2275,1.0
id_2276,4.475
id_2277,3.435
id_2278,2.85
id_2279,4.315
id_2280,3.17
id_2281,4.05
id_2282,3.985
id_2283,2.195
id_2284,3.98
id_2285,4.45
id_2286,4.03
id_2287,4.11
id_2288,3.68
id_2289,4.445
id_2290,3.895
id_2291,4.99
id_2292,4.02
id_2293,3.475
id_2294,3.97
id_2295,4.585
id_2296,3.095
id_2297,3.945
id_2298,3.59
id_2299,3.535
id_2300,4.05
id_2301,4.51
id_2302,4.45
id_2303,4.565
id_2304,3.365
id_2305,2.675
id_2306,4.16
id_2307,3.965
id_2308,4.09
id_2309,4.465
id_2310,4.57
id_2311,4.04
id_2312,4.175
id_2313,3.025
id_2314,4.0
id_2315,3.12
id_2316,3.08
id_2317,4.06
id_2318,3.87
id_2319,2.72
id_2320,3.845
id_2321,4.37
id_2322,4.54
id_2323,5.0
id_2324,3.765
id_2325,3.08
id_2326,4.42
id_2327,4.225
id_2328,3.62
id_2329,4.245
id_2330,3.98
id_2331,4.195
id_2332,4.475
id_2333,3.94
id_2334,3.495
id_2335,3.31
id_2336,5.0
id_2337,3.335
id_2338,4.19
id_2339,4.17
id_2340,3.74
id_2341,4.29
id_2342,4.555
id_2343,4.03
id_2344,4.78
id_2345,4.485
id_2346,3.91
id_2347,4.05
id_2348,4.41
id_2349,2.53
id_2350,3.825
id_2351,3.81
id_2352,4.09
id_2353,3.945
id_2354,5.0
id_2355,4.465
id_2356,4.33
id_2357,4.705
id_2358,3.585
id_2359,3.965
id_2360,3.59
id_2361,4.305
id_2362,3.035
id_2363,3.29
id_2364,4.995
id_2365,4.74
id_2366,3.505
id_2367,2.615
id_2368,4.97
id_2369,3.965
id_2370,1.01
id_2371,3.75
id_2372,3.995
id_2373,4.5
id_2374,3.44
id_2375,3.235
id_2376,4.485
id_2377,4.2
id_2378,3.78
id_2379,4.0
id_2380,3.19
id_2381,3.785
id_2382,2.94
id_2383,4.865
id_2384,4.195
id_2385,3.43
id_2386,4.105
id_2387,4.38
id_2388,4.51
id_2389,4.175
id_2390,3.88
id_2391,3.88
id_2392,3.6
id_2393,4.46
id_2394,3.555
id_2395,4.525
id_2396,3.53
id_2397,2.995
id_2398,4.45
id_2399,4.5
id_2400,3.61
id_2401,4.655
id_2402,3.005
id_2403,4.45
id_2404,4.43
id_2405,4.685
id_2406,4.64
id_2407,4.27
id_2408,4.605
id_2409,4.52
id_2410,4.025
id_2411,4.135
id_2412,4.275
id_2413,4.125
id_2414,3.95
id_2415,4.205
id_2416,3.765
id_2417,2.04
id_2418,4.75
id_2419,3.94
id_2420,4.15
id_2421,2.83
id_2422,4.44
id_2423,4.065
id_2424,4.175
id_2425,3.11
id_2426,3.745
id_2427,3.28
id_2428,4.74
id_2429,3.9
id_2430,4.34
id_2431,4.595
id_2432,4.03
id_2433,4.32
id_2434,4.23
id_2435,4.59
id_2436,4.355
id_2437,3.555
id_2438,3.59
id_2439,3.755
id_2440,4.845
id_2441,4.33
id_2442,3.85
id_2443,4.34
id_2444,3.955
id_2445,4.32
id_2446,4.06
id_2447,4.4
id_2448,4.0
id_2449,3.815
id_2450,5.0
id_2451,3.195
id_2452,3.905
id_2453,3.145
id_2454,3.785
id_2455,4.495
id_2456,5.0
id_2457,2.945
id_2458,3.91
id_2459,3.09
id_2460,5.0
id_2461,3.53
id_2462,3.495
id_2463,3.0
id_2464,3.53
id_2465,4.32
id_2466,1.085
id_2467,5.0
id_2468,3.62
id_2469,4.5
id_2470,3.525
id_2471,3.235
id_2472,4.315
id_2473,3.515
id_2474,3.515
id_2475,4.2
id_2476,4.355
id_2477,4.17
id_2478,4.51
id_2479,3.475
id_2480,4.26
id_2481,4.35
id_2482,4.27
id_2483,4.325
id_2484,3.715
id_2485,2.37
id_2486,4.045
id_2487,4.04
id_2488,4.205
id_2489,4.075
id_2490,2.47
id_2491,4.045
id_2492,4.33
id_2493,3.68
id_2494,4.33
id_2495,3.355
id_2496,3.015
id_2497,4.065
id_2498,3.69
id_2499,4.03
id_2500,3.625
id_2501,4.125
id_2502,4.375
id_2503,4.16
id_2504,4.255
id_2505,4.45
id_2506,4.075
id_2507,3.575
id_2508,3.55
id_2509,4.4
id_2510,4.47
id_2511,3.025
id_2512,3.87
id_2513,4.21
id_2514,4.23
id_2515,3.565
id_2516,4.12
id_2517,3.305
id_2518,4.235
id_2519,4.205
id_2520,4.43
id_2521,4.12
id_2522,2.99
id_2523,4.085
id_2524,4.79
id_2525,4.79
id_2526,3.735
id_2527,3.53
id_2528,4.15
id_2529,3.03
id_2530,4.505
id_2531,3.95
id_2532,4.515
id_2533,4.54
id_2534,4.16
id_2535,4.14
id_2536,3.685
id_2537,3.475
id_2538,4.125
id_2539,3.475
id_2540,3.66
id_2541,3.68
id_2542,5.0
id_2543,3.07
id_2544,3.065
id_2545,5.0
id_2546,3.29
id_2547,4.03
id_2548,4.595
id_2549,3.185
id_2550,4.48
id_2551,3.96
id_2552,4.435
id_2553,3.835
id_2554,4.37
id_2555,3.645
id_2556,3.795
id_2557,3.36
id_2558,3.87
id_2559,4.035
id_2560,4.845
id_2561,3.9
id_2562,4.045
id_2563,2.18
id_2564,3.865
id_2565,3.76
id_2566,4.695
id_2567,4.13
id_2568,3.37
id_2569,4.52
id_2570,2.95
id_2571,2.24
id_2572,4.225
id_2573,3.86
id_2574,4.875
id_2575,3.49
id_2576,4.12
id_2577,4.125
id_2578,4.14
id_2579,4.37
id_2580,4.485
id_2581,2.865
id_2582,4.125
id_2583,4.58
id_2584,3.44
id_2585,4.355
id_2586,3.0
id_2587,4.025
id_2588,4.23
id_2589,4.325
id_2590,4.49
id_2591,4.45
id_2592,4.04
id_2593,3.83
id_2594,3.75
id_2595,3.8
id_2596,4.935
id_2597,3.97
id_2598,4.215
id_2599,3.81
id_2600,3.32
id_2601,4.355
id_2602,3.955
id_2603,4.45
id_2604,2.905
id_2605,5.0
id_2606,4.955
id_2607,4.325
id_2608,3.71
id_2609,4.09
id_2610,3.035
id_2611,5.0
id_2612,2.925
id_2613,4.065
id_2614,4.095
id_2615,3.22
id_2616,4.37
id_2617,3.595
id_2618,3.6
id_2619,4.0
id_2620,4.495
id_2621,3.45
id_2622,3.84
id_2623,4.72
id_2624,4.105
id_2625,3.385
id_2626,3.595
id_2627,4.02
id_2628,4.145
id_2629,3.87
id_2630,4.915
id_2631,4.98
id_2632,2.65
id_2633,3.42
id_2634,4.63
id_2635,4.045
id_2636,4.465
id_2637,3.34
id_2638,3.615
id_2639,4.49
id_2640,4.625
id_2641,4.61
id_2642,3.54
id_2643,4.205
id_2644,3.525
id_2645,4.08
id_2646,4.835
id_2647,4.165
id_2648,3.8
id_2649,4.785
id_2650,3.945
id_2651,4.26
id_2652,3.82
id_2653,4.85
id_2654,3.92
id_2655,3.78
id_2656,4.08
id_2657,5.0
id_2658,4.5
id_2659,4.305
id_2660,5.0
id_2661,4.645
id_2662,2.935
id_2663,4.105
id_2664,3.78
id_2665,3.44
id_2666,3.89
id_2667,4.26
id_2668,4.01
id_2669,4.315
id_2670,3.685
id_2671,3.69
id_2672,2.92
id_2673,4.45
id_2674,4.995
id_2675,4.115
id_2676,3.025
id_2677,3.755
id_2678,4.815
id_2679,3.51
id_2680,4.435
id_2681,4.555
id_2682,4.435
id_2683,4.09
id_2684,3.975
id_2685,3.84
id_2686,3.665
id_2687,5.0
id_2688,4.48
id_2689,3.97
id_2690,2.625
id_2691,4.35
id_2692,4.155
id_2693,3.77
id_2694,3.865
id_2695,4.725
id_2696,3.715
id_2697,4.355
id_2698,3.58
id_2699,4.415
id_2700,4.48
id_2701,4.105
id_2702,4.185
id_2703,3.845
id_2704,4.185
id_2705,3.505
id_2706,3.93
id_2707,3.505
id_2708,3.845
id_2709,3.005
id_2710,2.795
id_2711,4.105
id_2712,4.215
id_2713,3.695
id_2714,3.63
id_2715,4.185
id_2716,4.21
id_2717,4.32
id_2718,3.685
id_2719,4.285
id_2720,4.54
id_2721,2.82
id_2722,3.875
id_2723,4.085
id_2724,3.31
id_2725,3.87
id_2726,4.06
id_2727,4.21
id_2728,4.34
id_2729,3.475
id_2730,4.49
id_2731,4.455
id_2732,4.275
id_2733,4.835
id_2734,4.09
id_2735,4.03
id_2736,4.255
id_2737,4.94
id_2738,3.765
id_2739,4.5
id_2740,4.775
id_2741,4.035
id_2742,3.6
id_2743,4.215
id_2744,3.505
id_2745,2.99
id_2746,3.695
id_2747,3.87
id_2748,3.795
id_2749,3.935
id_2750,3.98
id_2751,4.32
id_2752,4.17
id_2753,2.985
id_2754,4.045
id_2755,4.205
id_2756,3.505
id_2757,3.375
id_2758,3.16
id_2759,3.985
id_2760,3.935
id_2761,5.0
id_2762,3.57
id_2763,4.545
id_2764,4.775
id_2765,2.695
id_2766,3.89
id_2767,4.365
id_2768,4.155
id_2769,4.6
id_2770,4.46
id_2771,2.705
id_2772,4.44
id_2773,4.125
id_2774,3.805
id_2775,3.82
id_2776,4.175
id_2777,4.445
id_2778,3.795
id_2779,4.11
id_2780,4.29
id_2781,4.205
id_2782,3.575
id_2783,3.605
id_2784,3.765
id_2785,3.78
id_2786,4.105
id_2787,4.275
id_2788,3.3
id_2789,4.0
id_2790,3.16
id_2791,3.445
id_2792,4.015
id_2793,4.49
id_2794,2.575
id_2795,4.04
id_2796,4.465
id_2797,4.56
id_2798,4.57
id_2799,3.275
id_2800,4.15
id_2801,4.475
id_2802,4.095
id_2803,4.605
id_2804,4.285
id_2805,4.01
id_2806,4.185
id_2807,3.68
id_2808,3.97
id_2809,3.765
id_2810,4.475
id_2811,3.745
id_2812,4.485
id_2813,3.8
id_2814,4.585
id_2815,4.27
id_2816,3.045
id_2817,4.1
id_2818,4.3
id_2819,4.56
id_2820,3.72
id_2821,2.905
id_2822,3.705
id_2823,4.39
id_2824,4.465
id_2825,4.0
id_2826,4.32
id_2827,4.215
id_2828,3.94
id_2829,3.68
id_2830,3.015
id_2831,3.0
id_2832,4.245
id_2833,2.835
id_2834,3.855
id_2835,4.2
id_2836,5.0
id_2837,2.935
id_2838,4.0
id_2839,4.25
id_2840,3.56
id_2841,4.23
id_2842,4.44
id_2843,2.64
id_2844,3.745
id_2845,3.86
id_2846,3.72
id_2847,2.525
id_2848,3.67
id_2849,1.215
id_2850,3.41
id_2851,3.92
id_2852,3.75
id_2853,3.965
id_2854,4.61
id_2855,4.32
id_2856,4.425
id_2857,4.445
id_2858,3.66
id_2859,2.88
id_2860,3.775
id_2861,4.045
id_2862,4.33
id_2863,3.98
id_2864,4.41
id_2865,4.215
id_2866,4.86
id_2867,3.94
id_2868,3.385
id_2869,3.0
id_2870,3.825
id_2871,4.0
id_2872,2.98
id_2873,3.74
id_2874,4.28
id_2875,4.21
id_2876,3.25
id_2877,3.84
id_2878,4.295
id_2879,3.505
id_2880,3.255
id_2881,2.775
id_2882,4.37
id_2883,3.635
id_2884,3.685
id_2885,3.45
id_2886,3.99
id_2887,4.605
id_2888,4.27
id_2889,3.795
id_2890,3.945
id_2891,4.49
id_2892,3.32
id_2893,4.09
id_2894,4.5
id_2895,4.38
id_2896,3.645
id_2897,3.27
id_2898,4.92
id_2899,4.015
id_2900,4.03
id_2901,4.395
id_2902,4.0
id_2903,2.815
id_2904,4.44
id_2905,3.0
id_2906,3.325
id_2907,3.995
id_2908,4.425
id_2909,4.025
id_2910,4.24
id_2911,4.025
id_2912,4.04
id_2913,4.34
id_2914,4.03
id_2915,4.33
id_2916,2.555
id_2917,4.045
id_2918,4.21
id_2919,4.335
id_2920,3.995
id_2921,4.05
id_2922,3.585
id_2923,2.645
id_2924,4.035
id_2925,5.0
id_2926,3.605
id_2927,4.17
id_2928,3.365
id_2929,3.805
id_2930,4.545
id_2931,4.98
id_2932,3.91
id_2933,3.64
id_2934,3.975
id_2935,4.0
id_2936,4.015
id_2937,4.49
id_2938,4.29
id_2939,4.21
id_2940,3.525
id_2941,3.88
id_2942,3.975
id_2943,4.5
id_2944,5.0
id_2945,4.5
id_2946,3.58
id_2947,5.0
id_2948,4.16
id_2949,4.115
id_2950,5.0
id_2951,3.845
id_2952,4.23
id_2953,4.295
id_2954,3.15
id_2955,4.245
id_2956,4.015
id_2957,2.45
id_2958,4.63
id_2959,4.395
id_2960,4.285
id_2961,4.2
id_2962,3.995
id_2963,4.885
id_2964,3.795
id_2965,4.395
id_2966,3.515
id_2967,3.325
id_2968,3.015
id_2969,4.6
id_2970,4.47
id_2971,3.995
id_2972,3.595
id_2973,4.12
id_2974,4.31
id_2975,2.84
id_2976,2.67
id_2977,4.13
id_2978,4.135
id_2979,4.545
id_2980,4.655
id_2981,5.0
id_2982,2.57
id_2983,3.0
id_2984,4.04
id_2985,4.26
id_2986,4.99
id_2987,5.0
id_2988,4.0
id_2989,4.025
id_2990,3.77
id_2991,3.835
id_2992,4.21
id_2993,3.64
id_2994,4.09
id_2995,4.16
id_2996,3.545
id_2997,3.6
id_2998,3.92
id_2999,4.33
id_3000,4.47
id_3001,4.215
id_3002,5.0
id_3003,2.85
id_3004,3.7
id_3005,3.72
id_3006,4.33
id_3007,3.475
id_3008,3.635
id_3009,3.68
id_3010,3.365
id_3011,4.165
id_3012,4.565
id_3013,4.375
id_3014,4.11
id_3015,3.445
id_3016,3.9
id_3017,4.13
id_3018,3.975
id_3019,4.465
id_3020,3.965
id_3021,4.575
id_3022,4.34
id_3023,4.655
id_3024,4.48
id_3025,3.985
id_3026,3.845
id_3027,4.61
id_3028,3.135
id_3029,3.67
id_3030,3.145
id_3031,4.325
id_3032,3.63
id_3033,3.0
id_3034,4.34
id_3035,3.02
id_3036,3.965
id_3037,4.29
id_3038,4.02
id_3039,4.09
id_3040,3.155
id_3041,4.23
id_3042,4.09
id_3043,4.355
id_3044,4.04
id_3045,3.74
id_3046,4.165
id_3047,2.83
id_3048,3.555
id_3049,4.295
id_3050,4.16
id_3051,4.85
id_3052,4.0
id_3053,4.045
id_3054,3.26
id_3055,3.975
id_3056,4.025
id_3057,4.25
id_3058,4.47
id_3059,3.615
id_3060,2.4
id_3061,4.025
id_3062,4.51
id_3063,3.94
id_3064,4.29
id_3065,4.64
id_3066,4.325
id_3067,3.83
id_3068,3.505
id_3069,5.0
id_3070,4.26
id_3071,3.96
id_3072,3.41
id_3073,4.035
id_3074,3.465
id_3075,3.675
id_3076,3.535
id_3077,4.0
id_3078,4.51
id_3079,4.065
id_3080,3.835
id_3081,3.965
id_3082,4.325
id_3083,4.37
id_3084,4.46
id_3085,4.005
id_3086,3.06
id_3087,3.755
id_3088,4.31
id_3089,4.385
id_3090,4.99
id_3091,4.21
id_3092,4.21
id_3093,4.105
id_3094,4.985
id_3095,4.07
id_3096,3.71
id_3097,4.66
id_3098,4.43
id_3099,4.405
id_3100,3.74
id_3101,3.485
id_3102,4.49
id_3103,3.53
id_3104,3.24
id_3105,4.115
id_3106,4.93
id_3107,3.71
id_3108,4.44
id_3109,3.975
id_3110,4.315
id_3111,4.06
id_3112,4.47
id_3113,3.555
id_3114,4.615
id_3115,4.2
id_3116,4.625
id_3117,3.585
id_3118,4.13
id_3119,4.0
id_3120,3.315
id_3121,4.415
id_3122,4.11
id_3123,4.565
id_3124,3.115
id_3125,2.91
id_3126,3.83
id_3127,3.815
id_3128,4.46
id_3129,2.925
id_3130,5.0
id_3131,5.0
id_3132,4.145
id_3133,4.0
id_3134,3.86
id_3135,4.55
id_3136,2.82
id_3137,4.5
id_3138,4.225
id_3139,4.27
id_3140,4.295
id_3141,3.105
id_3142,4.22
id_3143,3.415
id_3144,4.16
id_3145,4.23
id_3146,3.88
id_3147,4.035
id_3148,4.21
id_3149,1.87
id_3150,3.9
id_3151,3.93
id_3152,4.09
id_3153,4.285
id_3154,4.5
id_3155,4.055
id_3156,3.8
id_3157,2.65
id_3158,3.71
id_3159,4.56
id_3160,3.155
id_3161,4.2
id_3162,4.19
id_3163,4.15
id_3164,3.005
id_3165,3.96
id_3166,4.885
id_3167,3.04
id_3168,4.315
id_3169,2.29
id_3170,4.61
id_3171,4.49
id_3172,3.915
id_3173,3.475
id_3174,3.93
id_3175,5.0
id_3176,3.77
id_3177,4.05
id_3178,4.075
id_3179,3.57
id_3180,3.84
id_3181,3.745
id_3182,3.375
id_3183,3.735
id_3184,3.95
id_3185,4.065
id_3186,4.45
id_3187,4.035
id_3188,4.04
id_3189,4.095
id_3190,3.395
id_3191,2.69
id_3192,3.555
id_3193,5.0
id_3194,4.27
id_3195,3.07
id_3196,4.4
id_3197,3.825
id_3198,3.745
id_3199,4.535
id_3200,3.7
id_3201,4.62
id_3202,4.49
id_3203,4.06
id_3204,3.635
id_3205,4.15
id_3206,3.66
id_3207,4.435
id_3208,4.215
id_3209,4.89
id_3210,4.08
id_3211,3.075
id_3212,2.58
id_3213,4.0
id_3214,4.16
id_3215,3.78
id_3216,4.045
id_3217,3.905
id_3218,4.525
id_3219,4.54
id_3220,4.08
id_3221,3.72
id_3222,4.13
id_3223,4.625
id_3224,3.905
id_3225,4.445
id_3226,4.16
id_3227,4.43
id_3228,4.455
id_3229,3.795
id_3230,3.015
id_3231,3.68
id_3232,4.06
id_3233,3.655
id_3234,3.82
id_3235,3.455
id_3236,4.065
id_3237,1.82
id_3238,3.785
id_3239,4.435
id_3240,4.12
id_3241,4.33
id_3242,2.115
id_3243,4.13
id_3244,4.615
id_3245,3.87
id_3246,3.805
id_3247,4.26
id_3248,4.0
id_3249,3.795
id_3250,4.2
id_3251,4.375
id_3252,3.965
id_3253,5.0
id_3254,4.14
id_3255,3.055
id_3256,4.175
id_3257,4.175
id_3258,4.385
id_3259,3.49
id_3260,4.15
id_3261,3.895
id_3262,4.095
id_3263,3.545
id_3264,4.48
id_3265,4.145
id_3266,2.01
id_3267,3.515
id_3268,3.95
id_3269,2.04
id_3270,4.34
id_3271,4.18
id_3272,3.93
id_3273,4.235
id_3274,4.14
id_3275,4.02
id_3276,3.685
id_3277,2.08
id_3278,4.225
id_3279,4.4
id_3280,4.0
id_3281,4.235
id_3282,3.72
id_3283,4.49
id_3284,3.465
id_3285,3.77
id_3286,3.065
id_3287,4.22
id_3288,4.33
id_3289,4.385
id_3290,4.965
id_3291,2.555
id_3292,4.0
id_3293,4.205
id_3294,3.365
id_3295,4.44
id_3296,4.31
id_3297,4.11
id_3298,4.44
id_3299,4.05
id_3300,3.005
id_3301,1.96
id_3302,2.62
id_3303,3.7
id_3304,4.885
id_3305,4.51
id_3306,3.915
id_3307,4.835
id_3308,2.92
id_3309,4.02
id_3310,3.945
id_3311,4.44
id_3312,3.765
id_3313,3.745
id_3314,4.43
id_3315,4.135
id_3316,3.63
id_3317,5.0
id_3318,3.29
id_3319,4.14
id_3320,4.36
id_3321,4.165
id_3322,3.89
id_3323,5.0
id_3324,3.1
id_3325,4.985
id_3326,4.085
id_3327,3.1
id_3328,4.63
id_3329,4.19
id_3330,3.975
id_3331,4.24
id_3332,4.88
id_3333,4.4
id_3334,4.265
id_3335,3.935
id_3336,4.47
id_3337,4.355
id_3338,4.41
id_3339,4.19
id_3340,4.415
id_3341,3.93
id_3342,4.5
id_3343,3.81
id_3344,4.035
id_3345,4.11
id_3346,3.605
id_3347,3.82
id_3348,3.6
id_3349,4.5
id_3350,3.315
id_3351,3.35
id_3352,3.895
id_3353,3.505
id_3354,4.56
id_3355,5.0
id_3356,3.82
id_3357,4.93
id_3358,3.685
id_3359,4.445
id_3360,3.095
id_3361,4.655
id_3362,3.515
id_3363,4.255
id_3364,1.755
id_3365,3.165
id_3366,4.715
id_3367,5.0
id_3368,4.06
id_3369,3.04
id_3370,3.875
id_3371,4.015
id_3372,4.32
id_3373,4.5
id_3374,4.485
id_3375,4.445
id_3376,4.58
id_3377,4.015
id_3378,3.02
id_3379,3.21
id_3380,4.995
id_3381,4.08
id_3382,4.015
id_3383,3.655
id_3384,3.61
id_3385,4.29
id_3386,4.205
id_3387,3.72
id_3388,4.445
id_3389,4.44
id_3390,4.255
id_3391,3.89
id_3392,3.63
id_3393,4.345
id_3394,4.705
id_3395,4.51
id_3396,3.995
id_3397,3.54
id_3398,4.035
id_3399,4.31
id_3400,4.21
id_3401,4.04
id_3402,3.385
id_3403,4.085
id_3404,2.69
id_3405,4.125
id_3406,4.295
id_3407,3.83
id_3408,2.735
id_3409,4.425
id_3410,3.645
id_3411,1.83
id_3412,4.43
id_3413,3.075
id_3414,4.235
id_3415,4.45
id_3416,3.43
id_3417,3.57
id_3418,3.67
id_3419,4.0
id_3420,4.775
id_3421,5.0
id_3422,3.555
id_3423,4.31
id_3424,4.165
id_3425,4.415
id_3426,3.91
id_3427,3.715
id_3428,4.355
id_3429,4.015
id_3430,4.29
id_3431,2.995
id_3432,4.53
id_3433,4.155
id_3434,4.145
id_3435,4.22
id_3436,4.4
id_3437,3.0
id_3438,3.715
id_3439,3.935
id_3440,3.04
id_3441,5.0
id_3442,4.0
id_3443,4.5
id_3444,2.965
id_3445,3.98
id_3446,4.545
id_3447,3.195
id_3448,4.12
id_3449,4.045
id_3450,3.325
id_3451,4.74
id_3452,4.22
id_3453,4.135
id_3454,2.98
id_3455,5.0
id_3456,4.085
id_3457,3.9
id_3458,4.03
id_3459,5.0
id_3460,4.01
id_3461,3.725
id_3462,3.76
id_3463,4.345
id_3464,3.355
id_3465,4.155
id_3466,3.55
id_3467,4.735
id_3468,4.345
id_3469,4.27
id_3470,3.335
id_3471,3.98
id_3472,3.415
id_3473,3.195
id_3474,4.105
id_3475,4.12
id_3476,4.18
id_3477,3.855
id_3478,2.51
id_3479,4.195
id_3480,4.22
id_3481,3.77
id_3482,4.62
id_3483,2.765
id_3484,3.59
id_3485,4.325
id_3486,4.89
id_3487,4.585
id_3488,4.49
id_3489,4.535
id_3490,3.51
id_3491,4.88
id_3492,4.46
id_3493,3.855
id_3494,3.0
id_3495,3.98
id_3496,4.19
id_3497,4.04
id_3498,3.855
id_3499,4.075
id_3500,4.815
id_3501,3.925
id_3502,3.88
id_3503,4.07
id_3504,4.18
id_3505,4.01
id_3506,2.82
id_3507,3.24
id_3508,3.65
id_3509,4.495
id_3510,2.21
id_3511,3.655
id_3512,4.38
id_3513,3.605
id_3514,4.82
id_3515,5.0
id_3516,4.455
id_3517,5.0
id_3518,4.025
id_3519,4.195
id_3520,2.815
id_3521,4.535
id_3522,3.505
id_3523,4.445
id_3524,4.92
id_3525,3.98
id_3526,3.74
id_3527,4.2
id_3528,5.0
id_3529,3.125
id_3530,3.385
id_3531,4.27
id_3532,2.845
id_3533,3.445
id_3534,4.315
id_3535,3.035
id_3536,4.3
id_3537,4.06
id_3538,4.99
id_3539,4.55
id_3540,4.2
id_3541,4.235
id_3542,4.435
id_3543,4.105
id_3544,3.635
id_3545,4.005
id_3546,3.45
id_3547,5.0
id_3548,4.26
id_3549,4.235
id_3550,3.715
id_3551,3.755
id_3552,4.335
id_3553,3.73
id_3554,4.585
id_3555,4.615
id_3556,3.79
id_3557,3.4
id_3558,3.125
id_3559,4.245
id_3560,5.0
id_3561,5.0
id_3562,4.125
id_3563,5.0
id_3564,3.655
id_3565,1.565
id_3566,4.145
id_3567,2.31
id_3568,4.175
id_3569,4.545
id_3570,3.555
id_3571,3.925
id_3572,4.835
id_3573,4.01
id_3574,3.455
id_3575,3.495
id_3576,4.105
id_3577,4.455
id_3578,3.29
id_3579,4.155
id_3580,4.16
id_3581,4.37
id_3582,4.195
id_3583,3.07
id_3584,4.525
id_3585,4.115
id_3586,4.51
id_3587,4.285
id_3588,4.68
id_3589,4.2
id_3590,4.005
id_3591,3.66
id_3592,3.965
id_3593,4.915
id_3594,4.155
id_3595,3.56
id_3596,4.27
id_3597,3.955
id_3598,4.025
id_3599,3.985
id_3600,4.24
id_3601,3.8
id_3602,3.885
id_3603,4.435
id_3604,3.85
id_3605,4.335
id_3606,3.695
id_3607,3.95
id_3608,3.04
id_3609,3.94
id_3610,3.48
id_3611,4.04
id_3612,4.07
id_3613,3.965
id_3614,4.38
id_3615,3.96
id_3616,3.885
id_3617,4.08
id_3618,4.045
id_3619,4.01
id_3620,4.43
id_3621,3.525
id_3622,3.83
id_3623,3.905
id_3624,3.625
id_3625,4.22
id_3626,3.41
id_3627,3.345
id_3628,3.41
id_3629,4.085
id_3630,4.62
id_3631,4.82
id_3632,4.465
id_3633,4.64
id_3634,4.02
id_3635,4.34
id_3636,3.72
id_3637,3.275
id_3638,4.525
id_3639,3.82
id_3640,4.81
id_3641,3.08
id_3642,4.11
id_3643,3.0
id_3644,5.0
id_3645,3.895
id_3646,3.98
id_3647,3.945
id_3648,4.285
id_3649,4.205
id_3650,3.94
id_3651,4.21
id_3652,4.51
id_3653,3.57
id_3654,4.77
id_3655,3.86
id_3656,3.905
id_3657,4.5
id_3658,4.99
id_3659,4.325
id_3660,3.82
id_3661,4.275
id_3662,4.135
id_3663,3.0
id_3664,3.625
id_3665,4.47
id_3666,4.94
id_3667,4.775
id_3668,3.82
id_3669,3.58
id_3670,3.52
id_3671,4.305
id_3672,3.69
id_3673,4.345
id_3674,4.045
id_3675,4.14
id_3676,4.235
id_3677,5.0
id_3678,4.39
id_3679,4.385
id_3680,3.69
id_3681,3.82
id_3682,4.33
id_3683,3.77
id_3684,3.87
id_3685,4.095
id_3686,4.525
id_3687,4.77
id_3688,3.65
id_3689,4.93
id_3690,4.195
id_3691,4.59
id_3692,4.255
id_3693,4.475
id_3694,4.09
id_3695,4.295
id_3696,3.54
id_3697,4.125
id_3698,5.0
id_3699,3.6
id_3700,3.685
id_3701,3.88
id_3702,4.09
id_3703,4.52
id_3704,4.13
id_3705,4.5
id_3706,4.45
id_3707,4.17
id_3708,4.62
id_3709,3.955
id_3710,2.01
id_3711,4.545
id_3712,3.805
id_3713,4.37
id_3714,4.655
id_3715,4.305
id_3716,4.43
id_3717,3.57
id_3718,4.23
id_3719,3.985
id_3720,4.13
id_3721,4.175
id_3722,3.525
id_3723,3.885
id_3724,4.82
id_3725,2.795
id_3726,3.755
id_3727,1.445
id_3728,4.225
id_3729,4.015
id_3730,3.83
id_3731,4.685
id_3732,4.115
id_3733,2.72
id_3734,4.365
id_3735,4.34
id_3736,3.89
id_3737,4.37
id_3738,3.97
id_3739,4.285
id_3740,4.44
id_3741,4.03
id_3742,4.505
id_3743,4.125
id_3744,3.73
id_3745,4.505
id_3746,4.025
id_3747,3.875
id_3748,3.73
id_3749,3.0
id_3750,4.84
id_3751,4.14
id_3752,4.37
id_3753,3.805
id_3754,3.72
id_3755,4.21
id_3756,4.27
id_3757,4.305
id_3758,3.195
id_3759,4.335
id_3760,4.315
id_3761,4.46
id_3762,4.2
id_3763,4.61
id_3764,2.985
id_3765,3.96
id_3766,3.005
id_3767,3.03
id_3768,4.005
id_3769,4.345
id_3770,3.685
id_3771,3.585
id_3772,4.595
id_3773,2.275
id_3774,5.0
id_3775,2.7
id_3776,3.615
id_3777,4.235
id_3778,3.82
id_3779,4.55
id_3780,4.095
id_3781,5.0
id_3782,4.5
id_3783,4.605
id_3784,4.0
id_3785,4.43
id_3786,4.33
id_3787,3.1
id_3788,3.49
id_3789,3.225
id_3790,4.395
id_3791,3.86
id_3792,4.12
id_3793,4.41
id_3794,4.665
id_3795,3.465
id_3796,3.49
id_3797,3.755
id_3798,3.695
id_3799,4.225
id_3800,4.93
id_3801,3.58
id_3802,4.4
id_3803,3.465
id_3804,4.235
id_3805,3.315
id_3806,4.105
id_3807,4.405
id_3808,3.535
id_3809,4.435
id_3810,4.02
id_3811,4.495
id_3812,2.47
id_3813,3.27
id_3814,2.8
id_3815,4.775
id_3816,4.31
id_3817,4.495
id_3818,4.015
id_3819,4.63
id_3820,4.13
id_3821,4.45
id_3822,4.36
id_3823,4.445
id_3824,5.0
id_3825,4.485
id_3826,4.065
id_3827,4.165
id_3828,3.58
id_3829,4.305
id_3830,3.775
id_3831,4.22
id_3832,4.47
id_3833,3.06
id_3834,3.575
id_3835,4.0
id_3836,5.0
id_3837,4.505
id_3838,3.56
id_3839,3.01
id_3840,4.325
id_3841,4.485
id_3842,4.455
id_3843,2.57
id_3844,3.915
id_3845,3.585
id_3846,4.035
id_3847,5.0
id_3848,3.795
id_3849,4.39
id_3850,3.525
id_3851,4.455
id_3852,3.22
id_3853,3.465
id_3854,4.755
id_3855,4.505
id_3856,3.99
id_3857,4.125
id_3858,4.045
id_3859,3.88
id_3860,1.03
id_3861,3.985
id_3862,4.68
id_3863,3.92
id_3864,4.0
id_3865,3.94
id_3866,4.695
id_3867,4.35
id_3868,4.245
id_3869,3.945
id_3870,4.015
id_3871,4.485
id_3872,4.54
id_3873,3.475
id_3874,3.555
id_3875,3.635
id_3876,3.7
id_3877,4.335
id_3878,4.54
id_3879,4.205
id_3880,3.73
id_3881,3.47
id_3882,3.29
id_3883,4.095
id_3884,4.43
id_3885,3.815
id_3886,3.68
id_3887,3.625
id_3888,3.91
id_3889,3.565
id_3890,3.43
id_3891,3.215
id_3892,4.47
id_3893,4.5
id_3894,5.0
id_3895,4.1
id_3896,4.05
id_3897,3.615
id_3898,4.0
id_3899,3.96
id_3900,3.7
id_3901,3.475
id_3902,4.195
id_3903,4.435
id_3904,4.0
id_3905,4.495
id_3906,4.59
id_3907,3.98
id_3908,3.895
id_3909,3.475
id_3910,4.035
id_3911,4.0
id_3912,2.835
id_3913,4.35
id_3914,4.32
id_3915,3.875
id_3916,3.77
id_3917,3.06
id_3918,4.365
id_3919,4.39
id_3920,4.51
id_3921,4.07
id_3922,3.52
id_3923,4.16
id_3924,4.345
id_3925,3.605
id_3926,3.515
id_3927,2.955
id_3928,2.715
id_3929,4.4
id_3930,4.385
id_3931,3.92
id_3932,4.03
id_3933,4.045
id_3934,4.295
id_3935,2.965
id_3936,4.505
id_3937,3.595
id_3938,4.595
id_3939,4.515
id_3940,5.0
id_3941,3.755
id_3942,4.62
id_3943,4.23
id_3944,5.0
id_3945,3.705
id_3946,3.815
id_3947,4.5
id_3948,4.34
id_3949,2.935
id_3950,4.32
id_3951,3.555
id_3952,3.415
id_3953,3.88
id_3954,4.9
id_3955,3.9
id_3956,3.825
id_3957,3.535
id_3958,3.79
id_3959,3.54
id_3960,4.705
id_3961,4.31
id_3962,3.81
id_3963,4.5
id_3964,4.14
id_3965,4.0
id_3966,4.525
id_3967,5.0
id_3968,3.555
id_3969,3.915
id_3970,4.525
id_3971,4.995
id_3972,4.02
id_3973,2.51
id_3974,4.03
id_3975,4.625
id_3976,4.15
id_3977,3.69
id_3978,4.84
id_3979,4.22
id_3980,3.765
id_3981,4.44
id_3982,4.185
id_3983,3.77
id_3984,4.505
id_3985,4.19
id_3986,4.24
id_3987,3.81
id_3988,4.46
id_3989,3.365
id_3990,3.885
id_3991,3.695
id_3992,4.035
id_3993,3.67
id_3994,4.4
id_3995,4.175
id_3996,4.23
id_3997,4.165
id_3998,4.28
id_3999,4.365
id_4000,4.0
id_4001,4.285
id_4002,2.87
id_4003,4.255
id_4004,4.35
id_4005,4.005
id_4006,3.98
id_4007,3.805
id_4008,4.56
id_4009,2.4
id_4010,4.445
id_4011,3.77
id_4012,3.885
id_4013,4.36
id_4014,3.515
id_4015,3.545
id_4016,4.5
id_4017,5.0
id_4018,3.9
id_4019,4.42
id_4020,3.125
id_4021,3.445
id_4022,4.55
id_4023,4.32
id_4024,4.51
id_4025,5.0
id_4026,3.51
id_4027,3.94
id_4028,4.48
id_4029,3.845
id_4030,4.56
id_4031,5.0
id_4032,3.94
id_4033,4.735
id_4034,4.0
id_4035,4.27
id_4036,4.285
id_4037,3.665
id_4038,4.415
id_4039,4.5
id_4040,4.065
id_4041,4.09
id_4042,4.18
id_4043,2.69
id_4044,3.555
id_4045,5.0
id_4046,4.065
id_4047,4.035
id_4048,4.98
id_4049,4.415
id_4050,4.475
id_4051,3.62
id_4052,4.99
id_4053,2.53
id_4054,4.155
id_4055,3.76
id_4056,3.775
id_4057,3.52
id_4058,3.865
id_4059,3.77
id_4060,4.16
id_4061,4.03
id_4062,4.345
id_4063,4.0
id_4064,4.075
id_4065,4.29
id_4066,4.425
id_4067,3.625
id_4068,5.0
id_4069,4.425
id_4070,4.52
id_4071,3.285
id_4072,4.41
id_4073,4.13
id_4074,3.8
id_4075,3.9
id_4076,4.74
id_4077,3.99
id_4078,4.35
id_4079,4.0
id_4080,4.355
id_4081,3.66
id_4082,4.7
id_4083,2.73
id_4084,4.165
id_4085,4.35
id_4086,3.6
id_4087,3.985
id_4088,5.0
id_4089,4.76
id_4090,3.69
id_4091,3.37
id_4092,3.37
id_4093,4.28
id_4094,5.0
id_4095,3.12
id_4096,3.95
id_4097,3.785
id_4098,3.215
id_4099,3.0
id_4100,3.99
id_4101,4.135
id_4102,4.525
id_4103,3.955
id_4104,4.02
id_4105,3.915
id_4106,4.52
id_4107,3.41
id_4108,4.215
id_4109,4.31
id_4110,4.545
id_4111,3.805
id_4112,4.5
id_4113,3.135
id_4114,3.745
id_4115,5.0
id_4116,4.11
id_4117,4.41
id_4118,4.01
id_4119,4.13
id_4120,2.19
id_4121,3.31
id_4122,4.78
id_4123,4.47
id_4124,3.935
id_4125,4.9
id_4126,4.495
id_4127,3.225
id_4128,3.25
id_4129,4.445
id_4130,3.755
id_4131,5.0
id_4132,2.825
id_4133,4.49
id_4134,3.01
id_4135,3.575
id_4136,4.645
id_4137,4.415
id_4138,1.755
id_4139,4.11
id_4140,4.49
id_4141,3.02
id_4142,4.055
id_4143,4.34
id_4144,4.255
id_4145,3.975
id_4146,4.0
id_4147,4.48
id_4148,3.91
id_4149,4.16
id_4150,4.195
id_4151,3.215
id_4152,4.395
id_4153,3.865
id_4154,3.595
id_4155,2.935
id_4156,3.73
id_4157,3.765
id_4158,3.155
id_4159,3.145
id_4160,4.25
id_4161,4.965
id_4162,4.145
id_4163,3.625
id_4164,4.775
id_4165,4.28
id_4166,4.025
id_4167,4.785
id_4168,4.435
id_4169,4.06
id_4170,4.74
id_4171,4.615
id_4172,4.44
id_4173,4.47
id_4174,4.465
id_4175,4.45
id_4176,4.025
id_4177,3.25
id_4178,4.25
id_4179,3.82
id_4180,3.24
id_4181,3.08
id_4182,4.13
id_4183,4.26
id_4184,4.49
id_4185,3.045
id_4186,4.295
id_4187,3.555
id_4188,3.415
id_4189,4.02
id_4190,3.8
id_4191,3.655
id_4192,4.385
id_4193,4.18
id_4194,4.245
id_4195,2.52
id_4196,4.575
id_4197,3.785
id_4198,3.815
id_4199,4.99
id_4200,3.76
id_4201,5.0
id_4202,3.125
id_4203,4.75
id_4204,4.005
id_4205,3.07
id_4206,4.805
id_4207,3.805
id_4208,4.21
id_4209,3.645
id_4210,4.095
id_4211,4.125
id_4212,3.79
id_4213,4.385
id_4214,1.08
id_4215,3.595
id_4216,4.45
id_4217,3.105
id_4218,3.025
id_4219,4.345
id_4220,4.505
id_4221,4.385
id_4222,4.04
id_4223,2.165
id_4224,3.1
id_4225,2.865
id_4226,3.66
id_4227,4.015
id_4228,4.735
id_4229,4.575
id_4230,3.985
id_4231,3.575
id_4232,4.15
id_4233,4.21
id_4234,3.845
id_4235,4.465
id_4236,3.97
id_4237,3.67
id_4238,3.45
id_4239,4.605
id_4240,4.23
id_4241,4.5
id_4242,4.185
id_4243,4.505
id_4244,3.935
id_4245,4.21
id_4246,4.2
id_4247,5.0
id_4248,3.885
id_4249,3.54
id_4250,2.86
id_4251,3.88
id_4252,3.605
id_4253,4.135
id_4254,3.855
id_4255,4.245
id_4256,4.21
id_4257,3.655
id_4258,4.435
id_4259,4.08
id_4260,2.155
id_4261,3.835
id_4262,4.455
id_4263,3.59
id_4264,4.275
id_4265,3.99
id_4266,5.0
id_4267,4.295
id_4268,4.115
id_4269,4.435
id_4270,4.315
id_4271,3.09
id_4272,4.165
id_4273,3.345
id_4274,4.05
id_4275,4.12
id_4276,4.63
id_4277,3.625
id_4278,3.675
id_4279,4.13
id_4280,3.635
id_4281,4.515
id_4282,3.56
id_4283,3.505
id_4284,3.515
id_4285,4.85
id_4286,4.0
id_4287,3.445
id_4288,4.44
id_4289,4.295
id_4290,4.6
id_4291,3.695
id_4292,3.78
id_4293,4.225
id_4294,3.305
id_4295,2.69
id_4296,3.51
id_4297,3.185
id_4298,4.185
id_4299,3.385
id_4300,4.675
id_4301,2.155
id_4302,4.52
id_4303,3.075
id_4304,3.265
id_4305,3.4
id_4306,3.655
id_4307,4.815
id_4308,4.5
id_4309,3.87
id_4310,3.0
id_4311,4.1
id_4312,4.345
id_4313,4.53
id_4314,3.415
id_4315,2.97
id_4316,3.045
id_4317,4.335
id_4318,3.005
id_4319,2.795
id_4320,2.025
id_4321,3.74
id_4322,3.625
id_4323,3.845
id_4324,4.32
id_4325,4.0
id_4326,4.13
id_4327,3.54
id_4328,4.525
id_4329,3.87
id_4330,4.42
id_4331,4.0
id_4332,4.28
id_4333,4.51
id_4334,2.28
id_4335,4.26
id_4336,3.525
id_4337,3.58
id_4338,4.005
id_4339,4.5
id_4340,3.995
id_4341,4.515
id_4342,3.335
id_4343,4.495
id_4344,3.32
id_4345,4.655
id_4346,3.495
id_4347,4.005
id_4348,3.995
id_4349,3.625
id_4350,3.92
id_4351,4.62
id_4352,4.29
id_4353,3.53
id_4354,3.84
id_4355,2.77
id_4356,3.6
id_4357,4.175
id_4358,4.0
id_4359,5.0
id_4360,4.355
id_4361,3.865
id_4362,4.38
id_4363,3.92
id_4364,3.545
id_4365,5.0
id_4366,4.375
id_4367,4.205
id_4368,3.18
id_4369,3.53
id_4370,3.83
id_4371,3.935
id_4372,4.0
id_4373,3.06
id_4374,4.85
id_4375,4.04
id_4376,4.675
id_4377,4.765
id_4378,4.485
id_4379,3.925
id_4380,3.95
id_4381,4.42
id_4382,4.875
id_4383,3.625
id_4384,3.855
id_4385,3.755
id_4386,3.86
id_4387,4.05
id_4388,4.405
id_4389,3.98
id_4390,4.175
id_4391,4.35
id_4392,3.765
id_4393,4.615
id_4394,5.0
id_4395,5.0
id_4396,4.87
id_4397,3.195
id_4398,4.355
id_4399,2.64
id_4400,4.235
id_4401,2.97
id_4402,4.63
id_4403,4.3
id_4404,3.19
id_4405,3.51
id_4406,3.995
id_4407,3.645
id_4408,3.04
id_4409,3.865
id_4410,4.02
id_4411,3.555
id_4412,3.915
id_4413,4.52
id_4414,4.915
id_4415,4.275
id_4416,3.815
id_4417,4.38
id_4418,4.235
id_4419,3.025
id_4420,4.265
id_4421,4.045
id_4422,2.94
id_4423,4.85
id_4424,5.0
id_4425,3.91
id_4426,4.015
id_4427,4.48
id_4428,3.885
id_4429,4.06
id_4430,4.34
id_4431,3.04
id_4432,4.0
id_4433,4.375
id_4434,3.7
id_4435,4.195
id_4436,3.15
id_4437,4.365
id_4438,4.04
id_4439,3.76
id_4440,2.93
id_4441,3.53
id_4442,5.0
id_4443,2.955
id_4444,4.505
id_4445,4.93
id_4446,3.96
id_4447,3.995
id_4448,4.51
id_4449,4.205
id_4450,4.51
id_4451,3.305
id_4452,4.27
id_4453,4.165
id_4454,4.09
id_4455,4.47
id_4456,4.205
id_4457,3.12
id_4458,3.245
id_4459,4.05
id_4460,4.855
id_4461,3.565
id_4462,4.13
id_4463,3.12
id_4464,3.93
id_4465,3.935
id_4466,4.355
id_4467,4.355
id_4468,4.445
id_4469,4.1
id_4470,4.135
id_4471,5.0
id_4472,4.565
id_4473,4.03
id_4474,4.215
id_4475,4.415
id_4476,3.74
id_4477,4.445
id_4478,3.36
id_4479,4.0
id_4480,3.795
id_4481,4.095
id_4482,3.89
id_4483,3.59
id_4484,4.165
id_4485,4.0
id_4486,3.795
id_4487,3.135
id_4488,4.335
id_4489,4.485
id_4490,4.915
id_4491,5.0
id_4492,3.43
id_4493,3.785
id_4494,3.0
id_4495,4.235
id_4496,3.68
id_4497,3.0
id_4498,4.595
id_4499,3.31
id_4500,3.87
id_4501,3.465
id_4502,3.51
id_4503,4.215
id_4504,3.62
id_4505,3.365
id_4506,4.525
id_4507,4.515
id_4508,4.025
id_4509,3.72
id_4510,3.935
id_4511,4.295
id_4512,3.785
id_4513,3.555
id_4514,4.42
id_4515,3.57
id_4516,2.63
id_4517,2.815
id_4518,5.0
id_4519,4.275
id_4520,2.81
id_4521,4.48
id_4522,3.97
id_4523,4.385
id_4524,4.065
id_4525,3.555
id_4526,4.21
id_4527,4.085
id_4528,3.045
id_4529,3.815
id_4530,2.735
id_4531,4.56
id_4532,3.575
id_4533,4.11
id_4534,4.13
id_4535,4.22
id_4536,3.915
id_4537,3.93
id_4538,4.3
id_4539,3.805
id_4540,4.35
id_4541,3.705
id_4542,3.625
id_4543,4.195
id_4544,4.09
id_4545,3.65
id_4546,4.02
id_4547,4.215
id_4548,2.925
id_4549,4.35
id_4550,3.725
id_4551,4.21
id_4552,4.77
id_4553,4.23
id_4554,3.815
id_4555,4.285
id_4556,2.835
id_4557,3.805
id_4558,4.02
id_4559,3.075
id_4560,4.0
id_4561,2.38
id_4562,3.61
id_4563,4.13
id_4564,4.015
id_4565,4.54
id_4566,4.445
id_4567,4.355
id_4568,4.605
id_4569,4.06
id_4570,4.0
id_4571,5.0
id_4572,3.41
id_4573,3.935
id_4574,4.19
id_4575,2.005
id_4576,4.445
id_4577,4.25
id_4578,4.215
id_4579,4.09
id_4580,4.5
id_4581,3.615
id_4582,4.33
id_4583,4.0
id_4584,4.725
id_4585,4.105
id_4586,2.695
id_4587,4.45
id_4588,3.0
id_4589,4.085
id_4590,4.985
id_4591,3.875
id_4592,3.665
id_4593,3.18
id_4594,4.08
id_4595,3.95
id_4596,4.505
id_4597,2.13
id_4598,4.46
id_4599,4.81
id_4600,4.405
id_4601,3.43
id_4602,3.235
id_4603,4.47
id_4604,4.42
id_4605,3.42
id_4606,3.715
id_4607,2.53
id_4608,4.055
id_4609,2.88
id_4610,4.64
id_4611,4.0
id_4612,4.06
id_4613,4.54
id_4614,4.44
id_4615,4.025
id_4616,3.93
id_4617,4.515
id_4618,4.415
id_4619,4.245
id_4620,4.04
id_4621,3.715
id_4622,2.97
id_4623,4.705
id_4624,4.06
id_4625,4.085
id_4626,4.175
id_4627,3.64
id_4628,4.585
id_4629,3.73
id_4630,4.135
id_4631,3.82
id_4632,4.265
id_4633,2.72
id_4634,4.555
id_4635,4.475
id_4636,4.045
id_4637,4.015
id_4638,4.17
id_4639,3.715
id_4640,4.29
id_4641,4.34
id_4642,4.905
id_4643,4.525
id_4644,3.675
id_4645,4.115
id_4646,4.495
id_4647,4.125
id_4648,3.515
id_4649,3.97
id_4650,3.27
id_4651,4.275
id_4652,4.105
id_4653,4.005
id_4654,4.74
id_4655,4.38
id_4656,4.285
id_4657,4.35
id_4658,4.245
id_4659,4.66
id_4660,4.02
id_4661,4.26
id_4662,3.945
id_4663,3.555
id_4664,4.33
id_4665,3.965
id_4666,3.685
id_4667,4.255
id_4668,3.61
id_4669,4.42
id_4670,4.43
id_4671,4.44
id_4672,3.995
id_4673,4.41
id_4674,4.135
id_4675,3.7
id_4676,3.78
id_4677,4.29
id_4678,4.26
id_4679,4.49
id_4680,4.11
id_4681,4.355
id_4682,3.09
id_4683,4.18
id_4684,4.345
id_4685,4.44
id_4686,4.025
id_4687,4.0
id_4688,1.77
id_4689,3.705
id_4690,3.425
id_4691,4.09
id_4692,4.32
id_4693,2.79
id_4694,3.715
id_4695,3.155
id_4696,4.48
id_4697,4.36
id_4698,4.125
id_4699,4.035
id_4700,4.115
id_4701,4.73
id_4702,2.665
id_4703,4.035
id_4704,3.59
id_4705,3.09
id_4706,3.705
id_4707,4.665
id_4708,4.0
id_4709,5.0
id_4710,3.595
id_4711,3.81
id_4712,3.71
id_4713,2.745
id_4714,4.41
id_4715,4.47
id_4716,3.56
id_4717,4.03
id_4718,4.065
id_4719,4.51
id_4720,4.1
id_4721,2.745
id_4722,4.995
id_4723,4.375
id_4724,3.72
id_4725,3.805
id_4726,4.23
id_4727,3.565
id_4728,4.515
id_4729,4.32
id_4730,3.855
id_4731,4.02
id_4732,3.65
id_4733,3.86
id_4734,4.25
id_4735,4.22
id_4736,4.99
id_4737,3.875
id_4738,3.575
id_4739,4.38
id_4740,2.755
id_4741,3.01
id_4742,3.535
id_4743,3.015
id_4744,3.605
id_4745,4.105
id_4746,3.71
id_4747,1.515
id_4748,3.135
id_4749,4.81
id_4750,2.42
id_4751,4.51
id_4752,4.535
id_4753,3.58
id_4754,3.94
id_4755,1.555
id_4756,4.19
id_4757,3.05
id_4758,4.445
id_4759,4.31
id_4760,3.98
id_4761,4.035
id_4762,4.435
id_4763,3.83
id_4764,4.375
id_4765,4.015
id_4766,3.505
id_4767,4.99
id_4768,3.61
id_4769,2.975
id_4770,3.89
id_4771,3.67
id_4772,4.335
id_4773,4.02
id_4774,4.16
id_4775,4.005
id_4776,5.0
id_4777,4.17
id_4778,3.465
id_4779,4.39
id_4780,3.335
id_4781,4.27
id_4782,2.7
id_4783,4.57
id_4784,4.5
id_4785,4.26
id_4786,3.35
id_4787,2.975
id_4788,3.875
id_4789,3.935
id_4790,3.905
id_4791,4.05
id_4792,3.92
id_4793,4.0
id_4794,4.07
id_4795,4.465
id_4796,3.585
id_4797,4.995
id_4798,3.815
id_4799,4.005
id_4800,3.73
id_4801,3.41
id_4802,3.945
id_4803,3.44
id_4804,4.235
id_4805,4.5
id_4806,3.995
id_4807,4.165
id_4808,3.94
id_4809,2.05
id_4810,2.87
id_4811,3.495
id_4812,4.04
id_4813,4.325
id_4814,4.195
id_4815,4.37
id_4816,3.125
id_4817,3.435
id_4818,3.59
id_4819,5.0
id_4820,4.645
id_4821,4.145
id_4822,4.52
id_4823,4.55
id_4824,3.96
id_4825,3.555
id_4826,5.0
id_4827,4.245
id_4828,3.525
id_4829,4.035
id_4830,3.835
id_4831,4.48
id_4832,3.46
id_4833,3.68
id_4834,3.74
id_4835,4.11
id_4836,3.045
id_4837,4.11
id_4838,4.035
id_4839,4.0
id_4840,3.625
id_4841,4.22
id_4842,3.975
id_4843,3.9
id_4844,4.56
id_4845,3.3
id_4846,4.955
id_4847,3.24
id_4848,3.41
id_4849,4.32
id_4850,4.065
id_4851,4.645
id_4852,4.92
id_4853,4.13
id_4854,3.525
id_4855,4.41
id_4856,3.36
id_4857,2.785
id_4858,3.295
id_4859,4.2
id_4860,4.06
id_4861,4.385
id_4862,4.86
id_4863,3.14
id_4864,4.52
id_4865,3.87
id_4866,2.785
id_4867,3.64
id_4868,3.72
id_4869,4.065
id_4870,4.98
id_4871,3.79
id_4872,3.845
id_4873,4.06
id_4874,4.06
id_4875,3.015
id_4876,4.245
id_4877,4.17
id_4878,4.555
id_4879,3.11
id_4880,3.585
id_4881,4.125
id_4882,4.36
id_4883,3.795
id_4884,4.005
id_4885,3.695
id_4886,3.625
id_4887,3.7
id_4888,4.315
id_4889,2.98
id_4890,4.06
id_4891,4.765
id_4892,3.67
id_4893,4.055
id_4894,4.385
id_4895,4.025
id_4896,3.24
id_4897,4.24
id_4898,3.01
id_4899,4.575
id_4900,4.01
id_4901,4.4
id_4902,4.92
id_4903,2.55
id_4904,3.695
id_4905,4.5
id_4906,4.84
id_4907,4.515
id_4908,4.75
id_4909,3.935
id_4910,4.61
id_4911,3.735
id_4912,4.395
id_4913,5.0
id_4914,3.78
id_4915,4.095
id_4916,3.76
id_4917,3.885
id_4918,1.255
id_4919,4.83
id_4920,3.835
id_4921,3.97
id_4922,4.4
id_4923,4.325
id_4924,3.52
id_4925,3.11
id_4926,3.28
id_4927,4.34
id_4928,3.135
id_4929,3.71
id_4930,2.915
id_4931,3.665
id_4932,3.745
id_4933,3.7
id_4934,4.18
id_4935,3.97
id_4936,4.555
id_4937,3.235
id_4938,4.49
id_4939,4.37
id_4940,4.59
id_4941,5.0
id_4942,4.225
id_4943,3.01
id_4944,4.085
id_4945,2.53
id_4946,3.99
id_4947,3.245
id_4948,3.99
id_4949,4.015
id_4950,3.77
id_4951,5.0
id_4952,4.47
id_4953,4.51
id_4954,4.52
id_4955,2.38
id_4956,3.485
id_4957,4.085
id_4958,4.375
id_4959,4.27
id_4960,3.31
id_4961,4.465
id_4962,4.355
id_4963,4.46
id_4964,3.03
id_4965,3.475
id_4966,3.93
id_4967,2.64
id_4968,3.545
id_4969,4.105
id_4970,4.815
id_4971,4.33
id_4972,4.13
id_4973,4.0
id_4974,3.885
id_4975,5.0
id_4976,4.14
id_4977,3.875
id_4978,4.37
id_4979,4.265
id_4980,5.0
id_4981,1.99
id_4982,4.365
id_4983,3.81
id_4984,4.52
id_4985,3.6
id_4986,3.97
id_4987,4.105
id_4988,3.815
id_4989,4.175
id_4990,4.05
id_4991,3.82
id_4992,4.285
id_4993,4.78
id_4994,4.525
id_4995,4.46
id_4996,4.17
id_4997,4.55
id_4998,4.47
id_4999,4.325
id_5000,4.035
id_5001,3.95
id_5002,4.07
id_5003,3.685
id_5004,4.57
id_5005,3.71
id_5006,5.0
id_5007,3.345
id_5008,4.28
id_5009,3.985
id_5010,5.0
id_5011,3.58
id_5012,3.945
id_5013,3.585
id_5014,4.215
id_5015,4.32
id_5016,3.41
id_5017,3.62
id_5018,4.01
id_5019,4.375
id_5020,2.175
id_5021,3.27
id_5022,4.0
id_5023,4.575
id_5024,2.935
id_5025,3.96
id_5026,3.54
id_5027,4.305
id_5028,4.115
id_5029,4.485
id_5030,4.49
id_5031,3.155
id_5032,4.06
id_5033,3.145
id_5034,1.47
id_5035,2.855
id_5036,3.905
id_5037,4.09
id_5038,4.085
id_5039,3.82
id_5040,4.045
id_5041,4.38
id_5042,4.225
id_5043,4.785
id_5044,4.47
id_5045,3.525
id_5046,4.22
id_5047,4.05
id_5048,3.9
id_5049,4.215
id_5050,3.7
id_5051,3.985
id_5052,4.31
id_5053,4.285
id_5054,4.24
id_5055,4.375
id_5056,4.035
id_5057,4.165
id_5058,2.82
id_5059,3.825
id_5060,4.355
id_5061,4.11
id_5062,4.12
id_5063,3.81
id_5064,4.65
id_5065,2.855
id_5066,3.03
id_5067,3.82
id_5068,4.435
id_5069,3.58
id_5070,3.135
id_5071,4.98
id_5072,3.62
id_5073,3.945
id_5074,5.0
id_5075,4.775
id_5076,4.065
id_5077,4.03
id_5078,4.255
id_5079,3.54
id_5080,3.995
id_5081,4.22
id_5082,3.76
id_5083,3.79
id_5084,3.795
id_5085,2.2
id_5086,4.955
id_5087,4.605
id_5088,4.485
id_5089,4.34
id_5090,3.855
id_5091,2.985
id_5092,4.42
id_5093,3.015
id_5094,4.57
id_5095,4.45
id_5096,4.495
id_5097,3.71
id_5098,4.175
id_5099,4.17
id_5100,4.39
id_5101,4.095
id_5102,3.445
id_5103,3.96
id_5104,4.21
id_5105,4.555
id_5106,4.2
id_5107,4.575
id_5108,4.35
id_5109,4.5
id_5110,3.3
id_5111,3.51
id_5112,4.35
id_5113,4.39
id_5114,3.66
id_5115,3.185
id_5116,3.51
id_5117,4.175
id_5118,3.725
id_5119,4.19
id_5120,3.55
id_5121,4.0
id_5122,4.265
id_5123,4.145
id_5124,4.54
id_5125,3.485
id_5126,3.91
id_5127,3.055
id_5128,3.785
id_5129,4.37
id_5130,4.49
id_5131,2.79
id_5132,3.94
id_5133,3.995
id_5134,2.67
id_5135,3.64
id_5136,3.025
id_5137,4.975
id_5138,3.655
id_5139,2.94
id_5140,3.475
id_5141,4.045
id_5142,3.42
id_5143,4.8
id_5144,4.165
id_5145,4.535
id_5146,4.4
id_5147,4.145
id_5148,4.155
id_5149,4.785
id_5150,4.045
id_5151,4.285
id_5152,4.005
id_5153,4.08
id_5154,3.91
id_5155,4.475
id_5156,4.265
id_5157,4.24
id_5158,3.12
id_5159,4.445
id_5160,4.715
id_5161,4.15
id_5162,4.07
id_5163,4.5
id_5164,4.345
id_5165,3.995
id_5166,4.235
id_5167,1.325
id_5168,3.71
id_5169,4.0
id_5170,4.49
id_5171,3.64
id_5172,4.115
id_5173,3.89
id_5174,4.235
id_5175,4.535
id_5176,4.09
id_5177,4.525
id_5178,3.58
id_5179,3.995
id_5180,3.25
id_5181,4.415
id_5182,5.0
id_5183,4.04
id_5184,3.915
id_5185,1.0
id_5186,4.36
id_5187,4.305
id_5188,4.04
id_5189,4.11
id_5190,3.955
id_5191,4.155
id_5192,3.0
id_5193,3.855
id_5194,4.025
id_5195,4.43
id_5196,5.0
id_5197,3.72
id_5198,3.29
id_5199,4.455
id_5200,3.97
id_5201,3.685
id_5202,4.985
id_5203,3.71
id_5204,3.495
id_5205,4.05
id_5206,3.63
id_5207,4.235
id_5208,4.185
id_5209,2.68
id_5210,4.115
id_5211,3.955
id_5212,4.04
id_5213,4.34
id_5214,3.825
id_5215,4.145
id_5216,3.0
id_5217,3.965
id_5218,4.01
id_5219,4.795
id_5220,3.405
id_5221,3.22
id_5222,4.025
id_5223,3.695
id_5224,4.17
id_5225,4.46
id_5226,4.855
id_5227,3.065
id_5228,4.345
id_5229,4.73
id_5230,4.25
id_5231,4.775
id_5232,4.555
id_5233,3.58
id_5234,4.11
id_5235,2.97
id_5236,3.02
id_5237,4.54
id_5238,3.21
id_5239,5.0
id_5240,4.36
id_5241,3.905
id_5242,3.865
id_5243,4.05
id_5244,4.375
id_5245,4.15
id_5246,3.97
id_5247,3.505
id_5248,4.0
id_5249,3.83
id_5250,3.51
id_5251,3.73
id_5252,2.69
id_5253,4.0
id_5254,4.185
id_5255,4.18
id_5256,4.685
id_5257,4.065
id_5258,4.245
id_5259,4.215
id_5260,3.195
id_5261,4.67
id_5262,3.885
id_5263,4.16
id_5264,4.935
id_5265,4.67
id_5266,3.94
id_5267,2.995
id_5268,3.78
id_5269,4.16
id_5270,3.495
id_5271,4.415
id_5272,3.785
id_5273,4.4
id_5274,4.3
id_5275,3.98
id_5276,4.065
id_5277,4.26
id_5278,4.375
id_5279,4.515
id_5280,3.53
id_5281,4.275
id_5282,4.26
id_5283,4.445
id_5284,4.34
id_5285,4.0
id_5286,4.5
id_5287,4.445
id_5288,4.515
id_5289,5.0
id_5290,3.7
id_5291,4.485
id_5292,4.345
id_5293,4.22
id_5294,4.5
id_5295,3.82
id_5296,4.22
id_5297,4.0
id_5298,3.84
id_5299,4.32
id_5300,4.3
id_5301,3.945
id_5302,3.63
id_5303,4.095
id_5304,3.625
id_5305,4.225
id_5306,3.2
id_5307,3.0
id_5308,2.885
id_5309,4.04
id_5310,4.2
id_5311,4.0
id_5312,4.165
id_5313,4.375
id_5314,4.21
id_5315,3.17
id_5316,3.585
id_5317,4.485
id_5318,3.5
id_5319,4.015
id_5320,3.735
id_5321,4.475
id_5322,3.93
id_5323,2.845
id_5324,3.295
id_5325,4.45
id_5326,4.455
id_5327,4.21
id_5328,4.08
id_5329,4.46
id_5330,3.7
id_5331,1.01
id_5332,3.985
id_5333,3.945
id_5334,3.83
id_5335,4.345
id_5336,4.08
id_5337,3.585
id_5338,3.985
id_5339,3.78
id_5340,3.975
id_5341,3.915
id_5342,3.42
id_5343,3.855
id_5344,3.645
id_5345,3.48
id_5346,4.015
id_5347,4.45
id_5348,4.37
id_5349,4.745
id_5350,4.765
id_5351,4.48
id_5352,4.685
id_5353,3.595
id_5354,3.1
id_5355,4.61
id_5356,3.525
id_5357,3.675
id_5358,3.765
id_5359,4.23
id_5360,4.425
id_5361,3.125
id_5362,4.285
id_5363,4.0
id_5364,2.965
id_5365,3.845
id_5366,3.805
id_5367,3.345
id_5368,4.395
id_5369,4.28
id_5370,4.035
id_5371,3.99
id_5372,3.81
id_5373,4.995
id_5374,4.955
id_5375,4.145
id_5376,4.57
id_5377,3.51
id_5378,5.0
id_5379,4.525
id_5380,4.105
id_5381,4.35
id_5382,4.475
id_5383,4.325
id_5384,4.01
id_5385,3.69
id_5386,3.855
id_5387,3.46
id_5388,3.535
id_5389,4.105
id_5390,5.0
id_5391,3.645
id_5392,4.02
id_5393,4.075
id_5394,2.93
id_5395,3.04
id_5396,4.085
id_5397,4.03
id_5398,3.88
id_5399,4.26
id_5400,2.12
id_5401,4.4
id_5402,4.225
id_5403,4.115
id_5404,4.16
id_5405,4.43
id_5406,3.815
id_5407,4.375
id_5408,4.46
id_5409,4.38
id_5410,4.81
id_5411,4.41
id_5412,4.95
id_5413,4.18
id_5414,4.36
id_5415,3.02
id_5416,3.825
id_5417,3.775
id_5418,4.315
id_5419,2.025
id_5420,4.51
id_5421,4.48
id_5422,4.17
id_5423,3.93
id_5424,3.92
id_5425,3.79
id_5426,3.88
id_5427,4.13
id_5428,4.01
id_5429,2.035
id_5430,4.165
id_5431,3.75
id_5432,3.515
id_5433,2.845
id_5434,3.71
id_5435,3.08
id_5436,3.235
id_5437,4.5
id_5438,4.48
id_5439,2.905
id_5440,5.0
id_5441,4.395
id_5442,2.945
id_5443,3.73
id_5444,4.2
id_5445,3.0
id_5446,4.805
id_5447,4.01
id_5448,3.0
id_5449,3.28
id_5450,3.405
id_5451,4.33
id_5452,3.94
id_5453,3.565
id_5454,4.4
id_5455,3.0
id_5456,4.02
id_5457,4.085
id_5458,3.115
id_5459,3.41
id_5460,3.585
id_5461,4.565
id_5462,4.235
id_5463,4.12
id_5464,3.49
id_5465,4.285
id_5466,4.75
id_5467,3.325
id_5468,4.015
id_5469,4.34
id_5470,4.535
id_5471,4.59
id_5472,3.06
id_5473,3.52
id_5474,4.295
id_5475,4.545
id_5476,4.68
id_5477,3.37
id_5478,4.57
id_5479,3.725
id_5480,3.57
id_5481,3.935
id_5482,4.0
id_5483,4.995
id_5484,4.045
id_5485,4.425
id_5486,3.745
id_5487,3.44
id_5488,3.005
id_5489,3.955
id_5490,3.48
id_5491,4.5
id_5492,3.165
id_5493,4.165
id_5494,4.0
id_5495,4.695
id_5496,4.61
id_5497,4.575
id_5498,4.245
id_5499,4.0
id_5500,3.03
id_5501,4.38
id_5502,3.52
id_5503,3.49
id_5504,4.92
id_5505,3.365
id_5506,4.52
id_5507,3.94
id_5508,5.0
id_5509,3.985
id_5510,4.375
id_5511,4.58
id_5512,3.99
id_5513,3.805
id_5514,3.93
id_5515,5.0
id_5516,1.0
id_5517,5.0
id_5518,4.495
id_5519,5.0
id_5520,4.365
id_5521,4.0
id_5522,3.905
id_5523,4.325
id_5524,2.985
id_5525,4.24
id_5526,3.165
id_5527,4.315
id_5528,5.0
id_5529,3.035
id_5530,4.47
id_5531,3.105
id_5532,2.935
id_5533,3.775
id_5534,2.725
id_5535,4.47
id_5536,4.165
id_5537,4.23
id_5538,2.84
id_5539,3.715
id_5540,3.12
id_5541,3.675
id_5542,3.97
id_5543,4.41
id_5544,3.64
id_5545,5.0
id_5546,4.4
id_5547,3.855
id_5548,4.23
id_5549,3.955
id_5550,4.18
id_5551,3.66
id_5552,3.65
id_5553,5.0
id_5554,4.755
id_5555,3.62
id_5556,4.02
id_5557,4.1
id_5558,5.0
id_5559,3.795
id_5560,4.675
id_5561,4.005
id_5562,4.265
id_5563,4.395
id_5564,4.06
id_5565,4.495
id_5566,5.0
id_5567,4.48
id_5568,3.025
id_5569,4.4
id_5570,4.005
id_5571,4.24
id_5572,4.315
id_5573,5.0
id_5574,2.585
id_5575,4.99
id_5576,3.52
id_5577,3.535
id_5578,4.71
id_5579,4.12
id_5580,4.035
id_5581,3.275
id_5582,3.945
id_5583,2.905
id_5584,4.22
id_5585,4.685
id_5586,3.025
id_5587,3.845
id_5588,4.35
id_5589,2.77
id_5590,3.955
id_5591,3.265
id_5592,3.765
id_5593,3.0
id_5594,4.995
id_5595,4.445
id_5596,3.985
id_5597,3.06
id_5598,4.925
id_5599,2.875
id_5600,3.995
id_5601,3.55
id_5602,3.055
id_5603,3.13
id_5604,3.0
id_5605,3.02
id_5606,3.485
id_5607,2.61
id_5608,4.015
id_5609,5.0
id_5610,4.195
id_5611,2.795
id_5612,4.945
id_5613,4.36
id_5614,4.3
id_5615,4.495
id_5616,3.89
id_5617,4.39
id_5618,4.49
id_5619,4.51
id_5620,3.94
id_5621,3.06
id_5622,4.31
id_5623,4.45
id_5624,3.87
id_5625,5.0
id_5626,4.72
id_5627,3.96
id_5628,4.245
id_5629,4.185
id_5630,4.97
id_5631,4.02
id_5632,3.605
id_5633,2.705
id_5634,4.17
id_5635,4.12
id_5636,3.935
id_5637,3.915
id_5638,2.43
id_5639,3.52
id_5640,4.21
id_5641,3.99
id_5642,4.095
id_5643,2.18
id_5644,3.38
id_5645,3.915
id_5646,4.47
id_5647,4.485
id_5648,4.0
id_5649,5.0
id_5650,3.97
id_5651,4.125
id_5652,4.08
id_5653,5.0
id_5654,4.32
id_5655,2.19
id_5656,4.18
id_5657,4.0
id_5658,2.7
id_5659,3.515
id_5660,4.085
id_5661,3.915
id_5662,4.73
id_5663,4.53
id_5664,3.43
id_5665,4.055
id_5666,4.105
id_5667,4.0
id_5668,4.535
id_5669,4.67
id_5670,4.31
id_5671,4.6
id_5672,4.15
id_5673,4.06
id_5674,3.695
id_5675,4.0
id_5676,4.085
id_5677,4.825
id_5678,4.23
id_5679,3.765
id_5680,4.175
id_5681,3.005
id_5682,4.01
id_5683,4.185
id_5684,4.155
id_5685,4.06
id_5686,4.035
id_5687,5.0
id_5688,3.765
id_5689,3.065
id_5690,4.005
id_5691,4.495
id_5692,4.175
id_5693,3.765
id_5694,4.545
id_5695,5.0
id_5696,3.9
id_5697,3.53
id_5698,4.185
id_5699,4.06
id_5700,3.85
id_5701,3.045
id_5702,4.485
id_5703,4.18
id_5704,3.96
id_5705,4.035
id_5706,4.35
id_5707,4.475
id_5708,4.325
id_5709,4.32
id_5710,4.085
id_5711,4.25
id_5712,4.58
id_5713,4.705
id_5714,4.215
id_5715,4.135
id_5716,3.69
id_5717,3.795
id_5718,5.0
id_5719,4.325
id_5720,4.31
id_5721,4.005
id_5722,3.02
id_5723,3.755
id_5724,4.605
id_5725,4.425
id_5726,4.64
id_5727,2.59
id_5728,4.22
id_5729,3.595
id_5730,3.585
id_5731,3.27
id_5732,4.255
id_5733,4.355
id_5734,4.42
id_5735,3.945
id_5736,4.0
id_5737,4.2
id_5738,3.975
id_5739,3.875
id_5740,4.49
id_5741,4.6
id_5742,3.83
id_5743,4.475
id_5744,4.025
id_5745,4.115
id_5746,4.5
id_5747,4.495
id_5748,3.05
id_5749,4.065
id_5750,4.0
id_5751,4.125
id_5752,3.0
id_5753,4.48
id_5754,4.57
id_5755,4.47
id_5756,4.005
id_5757,4.665
id_5758,4.065
id_5759,4.05
id_5760,3.96
id_5761,5.0
id_5762,2.315
id_5763,3.665
id_5764,3.78
id_5765,4.995
id_5766,3.8
id_5767,4.01
id_5768,3.495
id_5769,4.225
id_5770,4.21
id_5771,3.8
id_5772,3.965
id_5773,4.26
id_5774,4.75
id_5775,4.535
id_5776,4.4
id_5777,3.64
id_5778,2.995
id_5779,3.885
id_5780,2.72
id_5781,3.645
id_5782,5.0
id_5783,3.545
id_5784,3.75
id_5785,3.66
id_5786,4.125
id_5787,4.32
id_5788,4.245
id_5789,3.81
id_5790,4.865
id_5791,4.405
id_5792,4.68
id_5793,4.535
id_5794,4.14
id_5795,3.86
id_5796,3.37
id_5797,4.065
id_5798,3.685
id_5799,3.5
id_5800,3.355
id_5801,3.41
id_5802,3.96
id_5803,4.325
id_5804,4.91
id_5805,4.48
id_5806,4.4
id_5807,4.245
id_5808,4.535
id_5809,3.91
id_5810,4.285
id_5811,4.245
id_5812,3.325
id_5813,4.05
id_5814,4.495
id_5815,3.66
id_5816,4.93
id_5817,4.175
id_5818,4.515
id_5819,4.365
id_5820,3.635
id_5821,3.98
id_5822,4.865
id_5823,3.495
id_5824,4.035
id_5825,3.54
id_5826,4.265
id_5827,4.34
id_5828,4.115
id_5829,4.48
id_5830,4.545
id_5831,4.45
id_5832,4.39
id_5833,3.99
id_5834,4.49
id_5835,4.32
id_5836,4.47
id_5837,4.215
id_5838,3.9
id_5839,4.305
id_5840,4.0
id_5841,2.775
id_5842,4.34
id_5843,3.595
id_5844,4.005
id_5845,4.16
id_5846,5.0
id_5847,4.04
id_5848,3.64
id_5849,3.71
id_5850,3.94
id_5851,4.07
id_5852,4.005
id_5853,5.0
id_5854,4.39
id_5855,4.115
id_5856,3.84
id_5857,4.755
id_5858,4.29
id_5859,4.575
id_5860,3.505
id_5861,4.21
id_5862,3.545
id_5863,4.49
id_5864,3.965
id_5865,4.645
id_5866,4.635
id_5867,4.5
id_5868,3.945
id_5869,4.145
id_5870,3.64
id_5871,3.24
id_5872,3.5
id_5873,4.005
id_5874,3.975
id_5875,4.48
id_5876,4.745
id_5877,3.38
id_5878,3.785
id_5879,4.075
id_5880,4.585
id_5881,4.505
id_5882,5.0
id_5883,4.39
id_5884,3.605
id_5885,3.915
id_5886,4.385
id_5887,4.0
id_5888,4.29
id_5889,3.645
id_5890,3.94
id_5891,3.43
id_5892,4.185
id_5893,4.695
id_5894,4.105
id_5895,4.295
id_5896,4.0
id_5897,4.295
id_5898,4.08
id_5899,4.035
id_5900,4.96
id_5901,4.025
id_5902,4.41
id_5903,3.97
id_5904,3.9
id_5905,4.305
id_5906,4.155
id_5907,4.14
id_5908,4.61
id_5909,3.89
id_5910,3.98
id_5911,3.85
id_5912,4.425
id_5913,4.74
id_5914,4.365
id_5915,4.705
id_5916,4.0
id_5917,4.515
id_5918,4.32
id_5919,4.43
id_5920,2.985
id_5921,3.57
id_5922,3.395
id_5923,4.69
id_5924,3.405
id_5925,4.32
id_5926,4.02
id_5927,4.31
id_5928,3.54
id_5929,4.49
id_5930,4.52
id_5931,4.99
id_5932,3.56
id_5933,4.345
id_5934,4.7
id_5935,3.645
id_5936,3.965
id_5937,4.5
id_5938,3.7
id_5939,4.03
id_5940,4.495
id_5941,5.0
id_5942,4.39
id_5943,3.11
id_5944,3.68
id_5945,4.295
id_5946,4.275
id_5947,5.0
id_5948,3.4
id_5949,3.995
id_5950,4.835
id_5951,4.07
id_5952,4.315
id_5953,2.95
id_5954,4.025
id_5955,3.98
id_5956,4.48
id_5957,4.515
id_5958,3.86
id_5959,4.535
id_5960,3.89
id_5961,3.875
id_5962,4.66
id_5963,3.55
id_5964,1.68
id_5965,4.57
id_5966,4.355
id_5967,4.535
id_5968,3.845
id_5969,3.645
id_5970,3.97
id_5971,4.685
id_5972,3.95
id_5973,1.635
id_5974,3.875
id_5975,4.205
id_5976,3.775
id_5977,3.69
id_5978,3.84
id_5979,3.945
id_5980,3.4
id_5981,4.445
id_5982,5.0
id_5983,4.03
id_5984,3.77
id_5985,4.0
id_5986,4.0
id_5987,3.87
id_5988,3.935
id_5989,3.685
id_5990,4.555
id_5991,3.815
id_5992,3.44
id_5993,4.03
id_5994,3.83
id_5995,4.855
id_5996,4.125
id_5997,2.94
id_5998,4.06
id_5999,4.945
id_6000,4.61
id_6001,4.58
id_6002,4.09
id_6003,4.14
id_6004,3.5
id_6005,4.41
id_6006,4.395
id_6007,4.53
id_6008,3.895
id_6009,4.42
id_6010,2.855
id_6011,4.015
id_6012,3.655
id_6013,4.775
id_6014,4.325
id_6015,4.91
id_6016,4.795
id_6017,4.355
id_6018,3.01
id_6019,4.0
id_6020,3.7
id_6021,3.9
id_6022,5.0
id_6023,2.925
id_6024,4.0
id_6025,4.18
id_6026,4.15
id_6027,4.29
id_6028,4.03
id_6029,4.335
id_6030,5.0
id_6031,3.74
id_6032,4.79
id_6033,4.635
id_6034,4.045
id_6035,4.0
id_6036,3.42
id_6037,3.685
id_6038,3.91
id_6039,4.385
id_6040,3.495
id_6041,3.845
id_6042,4.08
id_6043,4.395
id_6044,3.945
id_6045,3.715
id_6046,4.03
id_6047,3.54
id_6048,3.405
id_6049,4.375
id_6050,4.81
id_6051,3.875
id_6052,4.455
id_6053,4.285
id_6054,4.465
id_6055,3.82
id_6056,3.98
id_6057,4.12
id_6058,4.07
id_6059,4.55
id_6060,2.935
id_6061,5.0
id_6062,3.445
id_6063,3.19
id_6064,4.48
id_6065,4.34
id_6066,3.0
id_6067,4.03
id_6068,4.015
id_6069,4.39
id_6070,4.13
id_6071,3.53
id_6072,4.995
id_6073,4.06
id_6074,4.245
id_6075,3.27
id_6076,3.98
id_6077,4.345
id_6078,1.98
id_6079,4.585
id_6080,3.63
id_6081,3.965
id_6082,3.475
id_6083,4.925
id_6084,2.73
id_6085,3.97
id_6086,3.015
id_6087,3.81
id_6088,4.085
id_6089,4.68
id_6090,5.0
id_6091,3.505
id_6092,4.315
id_6093,4.105
id_6094,3.095
id_6095,3.71
id_6096,4.32
id_6097,4.1
id_6098,4.545
id_6099,3.91
id_6100,4.505
id_6101,4.88
id_6102,4.58
id_6103,4.88
id_6104,3.01
id_6105,3.71
id_6106,4.465
id_6107,5.0
id_6108,4.495
id_6109,4.37
id_6110,4.365
id_6111,4.32
id_6112,4.45
id_6113,3.545
id_6114,4.275
id_6115,4.305
id_6116,4.035
id_6117,4.05
id_6118,4.0
id_6119,4.0
id_6120,3.525
id_6121,4.345
id_6122,2.985
id_6123,3.66
id_6124,5.0
id_6125,3.795
id_6126,4.565
id_6127,4.485
id_6128,4.395
id_6129,2.81
id_6130,3.045
id_6131,2.66
id_6132,3.045
id_6133,3.99
id_6134,4.055
id_6135,3.315
id_6136,4.515
id_6137,4.49
id_6138,2.485
id_6139,4.14
id_6140,3.605
id_6141,3.41
id_6142,4.405
id_6143,4.045
id_6144,4.09
id_6145,4.19
id_6146,4.225
id_6147,4.0
id_6148,4.525
id_6149,3.925
id_6150,4.27
id_6151,4.47
id_6152,2.965
id_6153,4.985
id_6154,4.305
id_6155,4.45
id_6156,4.22
id_6157,2.91
id_6158,3.665
id_6159,4.005
id_6160,4.615
id_6161,4.38
id_6162,4.48
id_6163,4.22
id_6164,4.285
id_6165,3.38
id_6166,4.09
id_6167,5.0
id_6168,3.985
id_6169,3.93
id_6170,3.01
id_6171,4.91
id_6172,4.605
id_6173,3.96
id_6174,4.695
id_6175,3.395
id_6176,4.0
id_6177,4.1
id_6178,3.74
id_6179,3.76
id_6180,4.48
id_6181,3.55
id_6182,3.735
id_6183,3.045
id_6184,3.8
id_6185,3.54
id_6186,4.045
id_6187,1.92
id_6188,3.56
id_6189,3.46
id_6190,4.0
id_6191,4.0
id_6192,3.8
id_6193,4.0
id_6194,3.675
id_6195,3.91
id_6196,4.65
id_6197,4.46
id_6198,4.52
id_6199,4.33
id_6200,4.04
id_6201,3.98
id_6202,3.42
id_6203,4.285
id_6204,3.895
id_6205,3.805
id_6206,3.665
id_6207,3.85
id_6208,4.04
id_6209,3.52
id_6210,3.61
id_6211,4.37
id_6212,3.58
id_6213,4.335
id_6214,4.64
id_6215,4.1
id_6216,3.83
id_6217,3.905
id_6218,4.44
id_6219,3.725
id_6220,4.1
id_6221,4.305
id_6222,4.175
id_6223,3.935
id_6224,3.91
id_6225,4.2
id_6226,4.5
id_6227,4.005
id_6228,4.575
id_6229,3.31
id_6230,4.84
id_6231,4.415
id_6232,1.215
id_6233,4.065
id_6234,4.3
id_6235,4.59
id_6236,4.145
id_6237,3.96
id_6238,4.47
id_6239,4.0
id_6240,3.735
id_6241,3.98
id_6242,4.905
id_6243,3.69
id_6244,3.98
id_6245,4.15
id_6246,3.98
id_6247,3.34
id_6248,4.055
id_6249,4.56
id_6250,4.25
id_6251,4.595
id_6252,4.19
id_6253,3.565
id_6254,4.455
id_6255,4.255
id_6256,3.205
id_6257,4.04
id_6258,3.625
id_6259,3.005
id_6260,4.465
id_6261,3.95
id_6262,4.63
id_6263,3.105
id_6264,4.635
id_6265,4.02
id_6266,3.52
id_6267,4.355
id_6268,3.82
id_6269,4.07
id_6270,4.015
id_6271,3.08
id_6272,3.845
id_6273,4.47
id_6274,4.3
id_6275,4.54
id_6276,4.54
id_6277,3.155
id_6278,3.215
id_6279,3.59
id_6280,4.455
id_6281,4.3
id_6282,3.43
id_6283,3.88
id_6284,3.93
id_6285,4.17
id_6286,3.55
id_6287,3.38
id_6288,5.0
id_6289,5.0
id_6290,4.98
id_6291,4.995
id_6292,4.2
id_6293,4.125
id_6294,3.815
id_6295,5.0
id_6296,4.055
id_6297,4.91
id_6298,1.01
id_6299,4.55
id_6300,4.165
id_6301,4.44
id_6302,4.0
id_6303,3.895
id_6304,3.685
id_6305,3.0
id_6306,4.285
id_6307,4.04
id_6308,3.295
id_6309,3.805
id_6310,4.485
id_6311,4.625
id_6312,3.575
id_6313,3.585
id_6314,4.215
id_6315,4.0
id_6316,4.0
id_6317,4.145
id_6318,2.9
id_6319,4.49
id_6320,5.0
id_6321,3.24
id_6322,4.235
id_6323,4.0
id_6324,4.16
id_6325,5.0
id_6326,4.12
id_6327,4.22
id_6328,3.775
id_6329,4.52
id_6330,3.565
id_6331,4.09
id_6332,2.02
id_6333,4.34
id_6334,4.0
id_6335,4.375
id_6336,3.525
id_6337,4.0
id_6338,4.22
id_6339,4.5
id_6340,3.485
id_6341,3.88
id_6342,4.345
id_6343,4.645
id_6344,3.74
id_6345,4.975
id_6346,3.475
id_6347,4.255
id_6348,4.405
id_6349,4.665
id_6350,3.6
id_6351,3.5
id_6352,4.125
id_6353,4.44
id_6354,4.0
id_6355,4.625
id_6356,3.1
id_6357,4.395
id_6358,3.815
id_6359,5.0
id_6360,3.69
id_6361,3.835
id_6362,3.625
id_6363,4.125
id_6364,4.205
id_6365,3.065
id_6366,4.085
id_6367,5.0
id_6368,3.275
id_6369,4.68
id_6370,3.625
id_6371,2.73
id_6372,3.985
id_6373,4.495
id_6374,5.0
id_6375,4.015
id_6376,3.53
id_6377,5.0
id_6378,4.275
id_6379,4.135
id_6380,4.105
id_6381,2.89
id_6382,4.05
id_6383,3.86
id_6384,4.995
id_6385,4.09
id_6386,4.235
id_6387,4.455
id_6388,4.0
id_6389,3.9
id_6390,3.45
id_6391,4.45
id_6392,4.5
id_6393,3.96
id_6394,4.405
id_6395,4.89
id_6396,4.46
id_6397,3.885
id_6398,4.13
id_6399,4.435
id_6400,3.375
id_6401,4.055
id_6402,4.985
id_6403,4.485
id_6404,4.165
id_6405,4.035
id_6406,3.76
id_6407,4.275
id_6408,4.665
id_6409,3.035
id_6410,3.385
id_6411,4.19
id_6412,4.235
id_6413,3.855
id_6414,3.145
id_6415,4.33
id_6416,3.685
id_6417,4.0
id_6418,4.445
id_6419,4.91
id_6420,4.1
id_6421,4.025
id_6422,4.23
id_6423,4.485
id_6424,1.23
id_6425,4.51
id_6426,4.3
id_6427,3.405
id_6428,4.705
id_6429,4.65
id_6430,4.035
id_6431,4.52
id_6432,4.38
id_6433,4.32
id_6434,3.55
id_6435,3.925
id_6436,3.465
id_6437,3.005
id_6438,2.025
id_6439,3.92
id_6440,4.28
id_6441,5.0
id_6442,4.735
id_6443,4.065
id_6444,3.945
id_6445,4.585
id_6446,4.055
id_6447,4.175
id_6448,4.07
id_6449,3.605
id_6450,5.0
id_6451,3.63
id_6452,2.595
id_6453,2.575
id_6454,4.525
id_6455,3.545
id_6456,3.99
id_6457,4.1
id_6458,3.955
id_6459,4.685
id_6460,4.0
id_6461,4.93
id_6462,4.2
id_6463,3.64
id_6464,3.705
id_6465,4.285
id_6466,5.0
id_6467,3.855
id_6468,3.52
id_6469,4.22
id_6470,4.045
id_6471,4.43
id_6472,3.765
id_6473,3.915
id_6474,4.315
id_6475,3.62
id_6476,4.325
id_6477,2.36
id_6478,4.335
id_6479,3.805
id_6480,4.075
id_6481,4.1
id_6482,4.175
id_6483,4.44
id_6484,4.89
id_6485,4.82
id_6486,4.3
id_6487,4.285
id_6488,4.055
id_6489,4.99
id_6490,3.925
id_6491,4.405
id_6492,4.145
id_6493,2.835
id_6494,3.74
id_6495,4.51
id_6496,3.7
id_6497,3.085
id_6498,4.61
id_6499,4.31
id_6500,3.46
id_6501,4.225
id_6502,4.465
id_6503,3.98
id_6504,4.45
id_6505,3.73
id_6506,3.66
id_6507,3.84
id_6508,3.26
id_6509,4.55
id_6510,4.025
id_6511,2.995
id_6512,3.64
id_6513,4.42
id_6514,3.59
id_6515,2.79
id_6516,3.05
id_6517,4.0
id_6518,2.01
id_6519,4.175
id_6520,4.5
id_6521,3.38
id_6522,4.1
id_6523,3.965
id_6524,3.545
id_6525,4.385
id_6526,3.855
id_6527,4.51
id_6528,4.225
id_6529,4.51
id_6530,4.975
id_6531,4.01
id_6532,3.0
id_6533,3.805
id_6534,3.5
id_6535,4.185
id_6536,2.215
id_6537,4.5
id_6538,3.215
id_6539,3.0
id_6540,3.89
id_6541,4.025
id_6542,3.555
id_6543,4.265
id_6544,3.995
id_6545,3.995
id_6546,5.0
id_6547,3.635
id_6548,4.635
id_6549,3.955
id_6550,4.36
id_6551,5.0
id_6552,4.5
id_6553,4.385
id_6554,3.225
id_6555,3.29
id_6556,3.0
id_6557,4.79
id_6558,3.365
id_6559,4.185
id_6560,3.475
id_6561,4.68
id_6562,1.0
id_6563,4.095
id_6564,3.94
id_6565,4.09
id_6566,4.0
id_6567,3.31
id_6568,4.615
id_6569,1.605
id_6570,4.67
id_6571,3.305
id_6572,4.21
id_6573,3.365
id_6574,3.955
id_6575,4.47
id_6576,4.73
id_6577,4.715
id_6578,4.25
id_6579,2.985
id_6580,3.405
id_6581,3.78
id_6582,4.22
id_6583,4.08
id_6584,4.17
id_6585,4.345
id_6586,4.34
id_6587,4.46
id_6588,3.945
id_6589,4.52
id_6590,4.88
id_6591,4.305
id_6592,4.07
id_6593,4.28
id_6594,3.54
id_6595,3.725
id_6596,1.98
id_6597,4.59
id_6598,4.525
id_6599,4.105
id_6600,4.58
id_6601,3.79
id_6602,4.31
id_6603,4.71
id_6604,3.97
id_6605,4.5
id_6606,4.125
id_6607,4.005
id_6608,4.34
id_6609,4.44
id_6610,3.62
id_6611,4.59
id_6612,3.845
id_6613,4.235
id_6614,3.16
id_6615,4.585
id_6616,3.35
id_6617,4.275
id_6618,2.24
id_6619,4.49
id_6620,3.4
id_6621,4.085
id_6622,3.14
id_6623,5.0
id_6624,4.405
id_6625,4.51
id_6626,4.48
id_6627,3.45
id_6628,4.45
id_6629,4.775
id_6630,2.865
id_6631,4.0
id_6632,5.0
id_6633,4.59
id_6634,4.08
id_6635,4.345
id_6636,3.57
id_6637,4.34
id_6638,4.0
id_6639,4.765
id_6640,4.03
id_6641,3.745
id_6642,4.935
id_6643,4.255
id_6644,4.405
id_6645,4.19
id_6646,4.005
id_6647,2.275
id_6648,4.395
id_6649,3.355
id_6650,2.965
id_6651,4.145
id_6652,3.865
id_6653,3.53
id_6654,4.075
id_6655,2.88
id_6656,4.085
id_6657,4.38
id_6658,3.855
id_6659,3.215
id_6660,3.215
id_6661,4.325
id_6662,5.0
id_6663,3.705
id_6664,1.0
id_6665,3.515
id_6666,4.14
id_6667,4.34
id_6668,3.715
id_6669,4.65
id_6670,4.485
id_6671,3.11
id_6672,4.3
id_6673,3.415
id_6674,3.52
id_6675,2.64
id_6676,4.01
id_6677,2.825
id_6678,4.275
id_6679,3.97
id_6680,4.495
id_6681,3.595
id_6682,4.42
id_6683,4.385
id_6684,4.145
id_6685,4.0
id_6686,3.95
id_6687,3.725
id_6688,4.34
id_6689,4.67
id_6690,3.06
id_6691,2.99
id_6692,3.965
id_6693,3.265
id_6694,4.0
id_6695,3.89
id_6696,3.92
id_6697,4.16
id_6698,3.95
id_6699,4.945
id_6700,3.6
id_6701,4.445
id_6702,5.0
id_6703,4.495
id_6704,5.0
id_6705,4.04
id_6706,3.955
id_6707,4.425
id_6708,3.71
id_6709,4.645
id_6710,3.99
id_6711,3.13
id_6712,1.665
id_6713,4.33
id_6714,3.965
id_6715,4.14
id_6716,3.72
id_6717,4.0
id_6718,3.945
id_6719,3.49
id_6720,4.165
id_6721,4.115
id_6722,4.36
id_6723,3.535
id_6724,4.31
id_6725,3.605
id_6726,4.81
id_6727,4.425
id_6728,3.47
id_6729,4.34
id_6730,4.2
id_6731,4.035
id_6732,4.665
id_6733,4.97
id_6734,4.485
id_6735,3.49
id_6736,4.0
id_6737,4.565
id_6738,3.915
id_6739,4.27
id_6740,3.515
id_6741,4.76
id_6742,3.78
id_6743,4.81
id_6744,3.66
id_6745,2.84
id_6746,4.02
id_6747,4.335
id_6748,3.8
id_6749,3.9
id_6750,3.935
id_6751,4.47
id_6752,3.96
id_6753,5.0
id_6754,4.1
id_6755,4.0
id_6756,2.995
id_6757,4.545
id_6758,3.17
id_6759,4.415
id_6760,3.535
id_6761,3.47
id_6762,4.02
id_6763,3.875
id_6764,3.975
id_6765,3.695
id_6766,3.93
id_6767,4.865
id_6768,4.545
id_6769,3.835
id_6770,4.48
id_6771,3.095
id_6772,4.365
id_6773,4.025
id_6774,4.635
id_6775,4.635
id_6776,3.555
id_6777,4.225
id_6778,3.775
id_6779,4.325
id_6780,2.3
id_6781,3.715
id_6782,3.98
id_6783,3.18
id_6784,4.51
id_6785,4.525
id_6786,1.44
id_6787,4.925
id_6788,4.2
id_6789,4.27
id_6790,4.155
id_6791,4.76
id_6792,4.185
id_6793,3.7
id_6794,3.9
id_6795,3.77
id_6796,4.26
id_6797,3.075
id_6798,5.0
id_6799,3.975
id_6800,3.67
id_6801,4.39
id_6802,4.31
id_6803,4.23
id_6804,4.32
id_6805,4.245
id_6806,4.0
id_6807,4.34
id_6808,3.775
id_6809,3.21
id_6810,4.39
id_6811,3.965
id_6812,3.96
id_6813,4.12
id_6814,3.81
id_6815,4.265
id_6816,4.37
id_6817,3.425
id_6818,4.47
id_6819,4.2
id_6820,4.395
id_6821,4.335
id_6822,3.87
id_6823,4.515
id_6824,4.135
id_6825,3.99
id_6826,3.91
id_6827,2.23
id_6828,4.635
id_6829,4.395
id_6830,4.715
id_6831,4.465
id_6832,3.775
id_6833,4.53
id_6834,3.97
id_6835,4.065
id_6836,4.905
id_6837,4.155
id_6838,4.245
id_6839,4.545
id_6840,4.46
id_6841,4.545
id_6842,3.005
id_6843,4.77
id_6844,4.53
id_6845,3.07
id_6846,3.715
id_6847,3.93
id_6848,1.81
id_6849,4.75
id_6850,4.48
id_6851,2.615
id_6852,4.41
id_6853,4.16
id_6854,4.185
id_6855,4.0
id_6856,3.84
id_6857,4.535
id_6858,3.49
id_6859,2.395
id_6860,3.015
id_6861,3.965
id_6862,4.425
id_6863,4.92
id_6864,4.265
id_6865,4.375
id_6866,4.39
id_6867,4.3
id_6868,3.62
id_6869,3.635
id_6870,4.195
id_6871,3.055
id_6872,3.96
id_6873,3.95
id_6874,4.45
id_6875,4.2
id_6876,4.03
id_6877,4.17
id_6878,4.31
id_6879,3.71
id_6880,4.335
id_6881,4.09
id_6882,4.33
id_6883,3.88
id_6884,4.46
id_6885,3.73
id_6886,4.075
id_6887,4.145
id_6888,4.36
id_6889,3.91
id_6890,4.04
id_6891,4.0
id_6892,4.98
id_6893,4.99
id_6894,4.795
id_6895,1.0
id_6896,2.965
id_6897,3.165
id_6898,4.15
id_6899,4.72
id_6900,4.565
id_6901,4.505
id_6902,5.0
id_6903,4.53
id_6904,3.535
id_6905,3.805
id_6906,4.06
id_6907,3.335
id_6908,4.22
id_6909,2.935
id_6910,4.02
id_6911,4.0
id_6912,4.035
id_6913,3.995
id_6914,3.845
id_6915,2.935
id_6916,4.09
id_6917,3.815
id_6918,4.05
id_6919,4.545
id_6920,4.475
id_6921,2.565
id_6922,4.445
id_6923,4.0
id_6924,5.0
id_6925,3.725
id_6926,3.88
id_6927,3.94
id_6928,4.505
id_6929,4.175
id_6930,4.535
id_6931,4.22
id_6932,4.42
id_6933,3.03
id_6934,4.66
id_6935,4.64
id_6936,3.92
id_6937,4.24
id_6938,3.605
id_6939,4.155
id_6940,4.62
id_6941,3.425
id_6942,3.895
id_6943,4.695
id_6944,4.445
id_6945,4.52
id_6946,4.61
id_6947,3.44
id_6948,4.205
id_6949,2.65
id_6950,3.535
id_6951,4.575
id_6952,2.405
id_6953,4.39
id_6954,4.36
id_6955,3.76
id_6956,3.465
id_6957,3.71
id_6958,4.385
id_6959,5.0
id_6960,4.37
id_6961,4.39
id_6962,4.255
id_6963,4.045
id_6964,4.2
id_6965,4.125
id_6966,3.99
id_6967,4.49
id_6968,4.455
id_6969,4.275
id_6970,4.99
id_6971,3.715
id_6972,4.485
id_6973,4.395
id_6974,4.49
id_6975,3.575
id_6976,4.18
id_6977,5.0
id_6978,4.405
id_6979,4.4
id_6980,3.5
id_6981,2.62
id_6982,4.05
id_6983,4.17
id_6984,3.47
id_6985,4.495
id_6986,4.905
id_6987,3.005
id_6988,3.905
id_6989,4.005
id_6990,4.515
id_6991,4.5
id_6992,4.34
id_6993,4.235
id_6994,4.5
id_6995,3.9
id_6996,3.37
id_6997,3.06
id_6998,4.01
id_6999,4.375
id_7000,4.57
id_7001,3.875
id_7002,4.4
id_7003,4.0
id_7004,4.06
id_7005,3.53
id_7006,3.59
id_7007,4.225
id_7008,2.72
id_7009,4.505
id_7010,4.22
id_7011,5.0
id_7012,4.46
id_7013,3.695
id_7014,4.555
id_7015,4.485
id_7016,4.84
id_7017,3.675
id_7018,4.03
id_7019,3.715
id_7020,4.49
id_7021,3.42
id_7022,4.315
id_7023,3.825
id_7024,4.14
id_7025,4.455
id_7026,4.27
id_7027,4.01
id_7028,4.065
id_7029,4.0
id_7030,4.29
id_7031,4.68
id_7032,4.885
id_7033,3.565
id_7034,3.63
id_7035,4.01
id_7036,3.345
id_7037,3.315
id_7038,4.02
id_7039,4.235
id_7040,3.765
id_7041,3.14
id_7042,4.125
id_7043,3.005
id_7044,3.03
id_7045,4.03
id_7046,3.41
id_7047,3.62
id_7048,2.96
id_7049,3.77
id_7050,3.625
id_7051,3.725
id_7052,4.37
id_7053,4.365
id_7054,4.415
id_7055,4.535
id_7056,3.635
id_7057,4.575
id_7058,4.035
id_7059,4.385
id_7060,4.1
id_7061,4.785
id_7062,3.98
id_7063,3.085
id_7064,4.435
id_7065,4.585
id_7066,3.96
id_7067,3.375
id_7068,4.38
id_7069,3.43
id_7070,3.81
id_7071,3.65
id_7072,3.855
id_7073,4.125
id_7074,3.85
id_7075,4.025
id_7076,3.76
id_7077,2.76
id_7078,3.835
id_7079,2.8
id_7080,4.95
id_7081,4.355
id_7082,4.2
id_7083,3.905
id_7084,4.04
id_7085,3.445
id_7086,4.5
id_7087,3.945
id_7088,4.44
id_7089,2.99
id_7090,2.575
id_7091,2.955
id_7092,4.33
id_7093,4.135
id_7094,4.125
id_7095,4.32
id_7096,3.065
id_7097,3.84
id_7098,4.15
id_7099,4.32
id_7100,5.0
id_7101,4.405
id_7102,4.015
id_7103,1.01
id_7104,3.9
id_7105,4.11
id_7106,4.285
id_7107,4.52
id_7108,4.375
id_7109,4.07
id_7110,4.16
id_7111,3.515
id_7112,3.985
id_7113,4.2
id_7114,4.42
id_7115,4.025
id_7116,3.915
id_7117,4.255
id_7118,4.15
id_7119,5.0
id_7120,4.84
id_7121,4.235
id_7122,4.41
id_7123,4.5
id_7124,4.26
id_7125,3.475
id_7126,3.975
id_7127,3.965
id_7128,4.21
id_7129,3.51
id_7130,4.28
id_7131,5.0
id_7132,4.89
id_7133,3.815
id_7134,4.0
id_7135,4.47
id_7136,3.5
id_7137,3.28
id_7138,3.995
id_7139,3.26
id_7140,4.24
id_7141,3.0
id_7142,4.35
id_7143,4.555
id_7144,4.49
id_7145,4.72
id_7146,3.45
id_7147,3.675
id_7148,4.145
id_7149,4.525
id_7150,4.615
id_7151,4.0
id_7152,2.115
id_7153,3.9
id_7154,4.385
id_7155,4.25
id_7156,4.055
id_7157,3.705
id_7158,4.235
id_7159,4.35
id_7160,3.97
id_7161,3.68
id_7162,4.725
id_7163,3.7
id_7164,3.815
id_7165,3.855
id_7166,4.6
id_7167,4.02
id_7168,4.405
id_7169,4.515
id_7170,4.415
id_7171,4.41
id_7172,3.71
id_7173,4.015
id_7174,3.155
id_7175,4.9
id_7176,4.27
id_7177,4.17
id_7178,3.975
id_7179,3.415
id_7180,3.665
id_7181,3.72
id_7182,4.455
id_7183,3.65
id_7184,5.0
id_7185,4.955
id_7186,4.44
id_7187,3.475
id_7188,3.765
id_7189,4.27
id_7190,2.66
id_7191,3.005
id_7192,3.9
id_7193,5.0
id_7194,2.77
id_7195,3.52
id_7196,4.455
id_7197,2.655
id_7198,4.375
id_7199,4.49
id_7200,3.135
id_7201,3.945
id_7202,4.105
id_7203,4.265
id_7204,3.465
id_7205,4.545
id_7206,4.38
id_7207,4.29
id_7208,3.31
id_7209,4.385
id_7210,4.565
id_7211,3.81
id_7212,3.355
id_7213,3.855
id_7214,5.0
id_7215,4.45
id_7216,4.56
id_7217,3.91
id_7218,4.26
id_7219,3.805
id_7220,4.525
id_7221,4.13
id_7222,4.015
id_7223,3.36
id_7224,4.1
id_7225,4.5
id_7226,3.615
id_7227,4.605
id_7228,4.415
id_7229,3.49
id_7230,4.415
id_7231,4.0
id_7232,4.205
id_7233,4.205
id_7234,4.17
id_7235,4.82
id_7236,4.51
id_7237,3.97
id_7238,3.475
id_7239,3.5
id_7240,3.935
id_7241,4.485
id_7242,3.81
id_7243,3.325
id_7244,4.06
id_7245,4.285
id_7246,3.71
id_7247,3.955
id_7248,4.47
id_7249,4.745
id_7250,3.54
id_7251,4.09
id_7252,4.33
id_7253,3.71
id_7254,4.22
id_7255,4.145
id_7256,3.93
id_7257,4.72
id_7258,1.01
id_7259,4.63
id_7260,4.225
id_7261,3.765
id_7262,3.545
id_7263,4.05
id_7264,3.745
id_7265,4.55
id_7266,4.72
id_7267,4.495
id_7268,4.055
id_7269,4.365
id_7270,4.43
id_7271,4.455
id_7272,3.495
id_7273,4.515
id_7274,2.785
id_7275,3.745
id_7276,4.075
id_7277,4.32
id_7278,3.755
id_7279,3.67
id_7280,4.415
id_7281,3.71
id_7282,4.27
id_7283,3.78
id_7284,4.465
id_7285,3.705
id_7286,3.02
id_7287,3.915
id_7288,4.25
id_7289,3.91
id_7290,4.165
id_7291,4.96
id_7292,4.31
id_7293,3.075
id_7294,4.1
id_7295,3.23
id_7296,4.13
id_7297,2.775
id_7298,3.91
id_7299,4.52
id_7300,3.895
id_7301,4.325
id_7302,4.15
id_7303,4.04
id_7304,4.045
id_7305,4.0
id_7306,4.05
id_7307,3.97
id_7308,3.09
id_7309,5.0
id_7310,3.45
id_7311,3.905
id_7312,4.775
id_7313,3.34
id_7314,3.495
id_7315,5.0
id_7316,3.86
id_7317,3.495
id_7318,4.225
id_7319,3.995
id_7320,2.97
id_7321,3.82
id_7322,4.415
id_7323,3.73
id_7324,4.35
id_7325,4.415
id_7326,3.73
id_7327,3.885
id_7328,4.4
id_7329,3.37
id_7330,4.505
id_7331,3.025
id_7332,2.69
id_7333,3.885
id_7334,2.965
id_7335,3.215
id_7336,4.585
id_7337,2.9
id_7338,4.455
id_7339,4.445
id_7340,3.9
id_7341,5.0
id_7342,3.845
id_7343,3.535
id_7344,4.425
id_7345,4.105
id_7346,3.82
id_7347,3.3
id_7348,4.18
id_7349,4.5
id_7350,5.0
id_7351,3.915
id_7352,4.995
id_7353,2.08
id_7354,2.755
id_7355,2.675
id_7356,4.175
id_7357,4.285
id_7358,3.555
id_7359,4.75
id_7360,4.135
id_7361,4.025
id_7362,4.975
id_7363,4.39
id_7364,3.92
id_7365,4.625
id_7366,4.08
id_7367,2.545
id_7368,3.7
id_7369,3.375
id_7370,4.0
id_7371,3.23
id_7372,3.645
id_7373,2.965
id_7374,3.94
id_7375,4.205
id_7376,4.03
id_7377,4.275
id_7378,4.605
id_7379,4.645
id_7380,4.335
id_7381,4.08
id_7382,4.33
id_7383,4.28
id_7384,4.485
id_7385,4.54
id_7386,4.115
id_7387,4.46
id_7388,4.965
id_7389,2.83
id_7390,3.165
id_7391,3.91
id_7392,3.69
id_7393,3.945
id_7394,3.79
id_7395,4.33
id_7396,4.23
id_7397,4.495
id_7398,4.13
id_7399,3.275
id_7400,4.49
id_7401,4.12
id_7402,4.06
id_7403,4.66
id_7404,3.695
id_7405,4.015
id_7406,4.345
id_7407,4.065
id_7408,3.87
id_7409,3.395
id_7410,4.095
id_7411,3.91
id_7412,4.255
id_7413,3.945
id_7414,4.21
id_7415,4.01
id_7416,2.005
id_7417,3.815
id_7418,3.32
id_7419,3.73
id_7420,4.19
id_7421,4.175
id_7422,3.87
id_7423,4.0
id_7424,4.375
id_7425,3.525
id_7426,4.155
id_7427,3.97
id_7428,4.38
id_7429,4.335
id_7430,3.23
id_7431,3.605
id_7432,4.19
id_7433,3.06
id_7434,4.415
id_7435,4.375
id_7436,4.005
id_7437,4.135
id_7438,2.97
id_7439,4.27
id_7440,4.08
id_7441,4.47
id_7442,3.775
id_7443,4.64
id_7444,2.0
id_7445,4.04
id_7446,3.015
id_7447,4.27
id_7448,4.495
id_7449,4.25
id_7450,3.905
id_7451,3.815
id_7452,4.45
id_7453,4.14
id_7454,3.985
id_7455,4.4
id_7456,2.415
id_7457,4.565
id_7458,4.65
id_7459,4.205
id_7460,4.0
id_7461,3.22
id_7462,4.075
id_7463,4.585
id_7464,3.495
id_7465,3.99
id_7466,4.34
id_7467,4.53
id_7468,3.125
id_7469,4.215
id_7470,2.755
id_7471,4.42
id_7472,4.625
id_7473,4.295
id_7474,3.575
id_7475,4.315
id_7476,4.15
id_7477,3.91
id_7478,4.315
id_7479,3.055
id_7480,4.205
id_7481,3.605
id_7482,4.15
id_7483,4.32
id_7484,4.47
id_7485,3.7
id_7486,3.775
id_7487,4.175
id_7488,4.15
id_7489,3.775
id_7490,4.63
id_7491,2.47
id_7492,4.065
id_7493,3.97
id_7494,4.08
id_7495,4.505
id_7496,4.33
id_7497,3.78
id_7498,3.0
id_7499,4.115
id_7500,4.055
id_7501,4.63
id_7502,4.0
id_7503,4.79
id_7504,3.705
id_7505,3.52
id_7506,3.0
id_7507,1.905
id_7508,4.47
id_7509,4.235
id_7510,3.8
id_7511,4.655
id_7512,4.06
id_7513,3.95
id_7514,4.005
id_7515,4.72
id_7516,4.08
id_7517,3.235
id_7518,3.88
id_7519,3.975
id_7520,4.13
id_7521,3.865
id_7522,4.29
id_7523,3.895
id_7524,4.27
id_7525,3.725
id_7526,2.595
id_7527,3.71
id_7528,4.485
id_7529,4.225
id_7530,4.72
id_7531,4.875
id_7532,3.845
id_7533,3.59
id_7534,4.475
id_7535,3.93
id_7536,3.665
id_7537,4.88
id_7538,3.0
id_7539,4.25
id_7540,3.76
id_7541,4.205
id_7542,4.0
id_7543,4.405
id_7544,4.23
id_7545,4.53
id_7546,4.51
id_7547,4.51
id_7548,3.52
id_7549,3.88
id_7550,3.915
id_7551,4.285
id_7552,4.855
id_7553,4.125
id_7554,3.62
id_7555,4.31
id_7556,4.605
id_7557,4.135
id_7558,4.485
id_7559,4.135
id_7560,3.86
id_7561,5.0
id_7562,2.995
id_7563,3.48
id_7564,4.1
id_7565,3.98
id_7566,4.025
id_7567,4.655
id_7568,4.31
id_7569,3.295
id_7570,3.125
id_7571,4.485
id_7572,4.625
id_7573,4.07
id_7574,4.07
id_7575,3.52
id_7576,4.755
id_7577,4.46
id_7578,4.0
id_7579,4.48
id_7580,4.81
id_7581,3.855
id_7582,3.085
id_7583,3.01
id_7584,4.995
id_7585,2.54
id_7586,4.305
id_7587,3.665
id_7588,4.385
id_7589,3.875
id_7590,4.345
id_7591,4.29
id_7592,4.585
id_7593,4.005
id_7594,4.14
id_7595,3.955
id_7596,4.465
id_7597,4.925
id_7598,4.205
id_7599,4.575
id_7600,4.565
id_7601,3.29
id_7602,4.44
id_7603,4.025
id_7604,4.595
id_7605,4.205
id_7606,3.975
id_7607,3.74
id_7608,4.36
id_7609,4.47
id_7610,4.0
id_7611,4.5
id_7612,3.71
id_7613,4.76
id_7614,4.245
id_7615,3.81
id_7616,4.1
id_7617,3.775
id_7618,4.515
id_7619,4.0
id_7620,4.02
id_7621,4.415
id_7622,3.315
id_7623,3.77
id_7624,4.325
id_7625,3.36
id_7626,4.16
id_7627,3.96
id_7628,3.51
id_7629,4.595
id_7630,4.48
id_7631,4.35
id_7632,4.355
id_7633,1.0
id_7634,4.5
id_7635,3.885
id_7636,4.03
id_7637,4.0
id_7638,2.87
id_7639,4.28
id_7640,3.095
id_7641,4.125
id_7642,3.29
id_7643,3.01
id_7644,4.04
id_7645,4.09
id_7646,3.865
id_7647,4.19
id_7648,1.14
id_7649,3.595
id_7650,3.44
id_7651,4.285
id_7652,3.74
id_7653,3.975
id_7654,2.32
id_7655,4.345
id_7656,2.685
id_7657,3.75
id_7658,2.765
id_7659,4.5
id_7660,4.205
id_7661,2.455
id_7662,4.045
id_7663,4.805
id_7664,3.925
id_7665,3.605
id_7666,4.215
id_7667,4.135
id_7668,3.51
id_7669,3.845
id_7670,4.105
id_7671,4.725
id_7672,4.85
id_7673,3.77
id_7674,3.505
id_7675,4.345
id_7676,5.0
id_7677,4.08
id_7678,3.24
id_7679,4.44
id_7680,3.965
id_7681,3.095
id_7682,4.43
id_7683,3.05
id_7684,3.76
id_7685,4.665
id_7686,5.0
id_7687,4.545
id_7688,4.62
id_7689,3.735
id_7690,3.22
id_7691,3.795
id_7692,4.25
id_7693,4.11
id_7694,3.675
id_7695,4.455
id_7696,3.655
id_7697,4.0
id_7698,4.075
id_7699,4.485
id_7700,4.61
id_7701,4.0
id_7702,3.095
id_7703,4.375
id_7704,4.295
id_7705,3.945
id_7706,3.865
id_7707,3.86
id_7708,3.465
id_7709,4.455
id_7710,4.125
id_7711,3.89
id_7712,4.455
id_7713,4.465
id_7714,3.82
id_7715,3.4
id_7716,3.67
id_7717,4.565
id_7718,4.64
id_7719,4.0
id_7720,4.355
id_7721,3.675
id_7722,4.0
id_7723,4.27
id_7724,3.615
id_7725,3.935
id_7726,3.16
id_7727,3.535
id_7728,3.73
id_7729,4.23
id_7730,2.67
id_7731,3.105
id_7732,4.0
id_7733,4.335
id_7734,4.01
id_7735,4.07
id_7736,4.035
id_7737,4.125
id_7738,4.84
id_7739,3.715
id_7740,4.305
id_7741,5.0
id_7742,4.25
id_7743,4.43
id_7744,3.9
id_7745,4.36
id_7746,4.445
id_7747,4.2
id_7748,3.26
id_7749,4.46
id_7750,4.14
id_7751,4.48
id_7752,4.18
id_7753,4.545
id_7754,3.18
id_7755,2.965
id_7756,4.165
id_7757,4.91
id_7758,4.195
id_7759,4.095
id_7760,2.57
id_7761,4.185
id_7762,4.11
id_7763,4.05
id_7764,3.92
id_7765,4.11
id_7766,5.0
id_7767,4.285
id_7768,4.475
id_7769,4.285
id_7770,4.29
id_7771,3.01
id_7772,4.43
id_7773,3.585
id_7774,3.87
id_7775,3.45
id_7776,4.215
id_7777,3.805
id_7778,4.315
id_7779,4.5
id_7780,4.175
id_7781,3.495
id_7782,4.885
id_7783,3.675
id_7784,4.22
id_7785,3.745
id_7786,4.01
id_7787,4.27
id_7788,1.19
id_7789,4.22
id_7790,3.78
id_7791,4.7
id_7792,4.05
id_7793,3.855
id_7794,3.65
id_7795,4.36
id_7796,4.835
id_7797,3.93
id_7798,4.025
id_7799,3.91
id_7800,4.3
id_7801,3.985
id_7802,5.0
id_7803,4.09
id_7804,4.395
id_7805,4.0
id_7806,4.235
id_7807,4.43
id_7808,4.14
id_7809,4.54
id_7810,4.775
id_7811,3.625
id_7812,4.61
id_7813,3.915
id_7814,4.18
id_7815,4.155
id_7816,3.5
id_7817,4.475
id_7818,4.155
id_7819,4.035
id_7820,4.0
id_7821,4.21
id_7822,4.39
id_7823,3.485
id_7824,4.365
id_7825,4.24
id_7826,1.755
id_7827,3.65
id_7828,3.825
id_7829,4.26
id_7830,3.85
id_7831,2.965
id_7832,3.66
id_7833,4.275
id_7834,4.0
id_7835,3.99
id_7836,4.235
id_7837,4.415
id_7838,4.255
id_7839,3.45
id_7840,3.825
id_7841,4.285
id_7842,4.495
id_7843,4.33
id_7844,4.405
id_7845,4.26
id_7846,4.57
id_7847,3.54
id_7848,3.13
id_7849,3.81
id_7850,4.06
id_7851,3.825
id_7852,3.885
id_7853,3.6
id_7854,4.53
id_7855,4.525
id_7856,4.63
id_7857,4.11
id_7858,4.85
id_7859,3.745
id_7860,3.6
id_7861,3.9
id_7862,4.38
id_7863,3.605
id_7864,1.015
id_7865,4.24
id_7866,4.44
id_7867,4.28
id_7868,4.02
id_7869,4.065
id_7870,4.355
id_7871,4.445
id_7872,4.425
id_7873,5.0
id_7874,3.23
id_7875,4.295
id_7876,3.69
id_7877,4.08
id_7878,4.445
id_7879,3.61
id_7880,4.295
id_7881,3.375
id_7882,3.645
id_7883,4.575
id_7884,3.66
id_7885,4.045
id_7886,5.0
id_7887,4.255
id_7888,4.295
id_7889,4.07
id_7890,3.125
id_7891,3.975
id_7892,3.86
id_7893,3.475
id_7894,3.825
id_7895,4.09
id_7896,3.6
id_7897,2.735
id_7898,3.455
id_7899,4.28
id_7900,4.405
id_7901,4.225
id_7902,3.805
id_7903,4.55
id_7904,2.21
id_7905,4.315
id_7906,3.61
id_7907,4.35
id_7908,3.845
id_7909,4.025
id_7910,4.34
id_7911,4.3
id_7912,4.96
id_7913,4.03
id_7914,3.15
id_7915,2.765
id_7916,4.125
id_7917,4.37
id_7918,4.2
id_7919,5.0
id_7920,4.82
id_7921,3.39
id_7922,3.735
id_7923,3.035
id_7924,4.23
id_7925,4.675
id_7926,4.165
id_7927,3.62
id_7928,4.275
id_7929,2.775
id_7930,3.815
id_7931,3.56
id_7932,5.0
id_7933,3.84
id_7934,4.325
id_7935,4.095
id_7936,4.13
id_7937,3.825
id_7938,3.59
id_7939,3.3
id_7940,5.0
id_7941,2.755
id_7942,4.075
id_7943,4.08
id_7944,3.975
id_7945,3.735
id_7946,3.595
id_7947,4.505
id_7948,3.055
id_7949,4.38
id_7950,2.075
id_7951,4.945
id_7952,2.625
id_7953,3.815
id_7954,5.0
id_7955,4.225
id_7956,4.095
id_7957,3.895
id_7958,4.455
id_7959,4.07
id_7960,4.01
id_7961,4.725
id_7962,3.905
id_7963,3.0
id_7964,3.685
id_7965,3.95
id_7966,3.845
id_7967,4.035
id_7968,4.295
id_7969,3.58
id_7970,3.91
id_7971,4.06
id_7972,3.805
id_7973,4.565
id_7974,3.92
id_7975,3.82
id_7976,3.57
id_7977,4.385
id_7978,4.065
id_7979,3.785
id_7980,5.0
id_7981,3.775
id_7982,4.705
id_7983,4.01
id_7984,4.455
id_7985,4.275
id_7986,4.2
id_7987,3.795
id_7988,4.135
id_7989,4.345
id_7990,4.5
id_7991,3.48
id_7992,4.275
id_7993,4.49
id_7994,4.025
id_7995,4.305
id_7996,3.645
id_7997,4.25
id_7998,4.35
id_7999,4.605
id_8000,3.505
id_8001,4.24
id_8002,2.84
id_8003,4.29
id_8004,3.6
id_8005,3.88
id_8006,2.365
id_8007,4.035
id_8008,4.5
id_8009,5.0
id_8010,4.05
id_8011,3.46
id_8012,4.53
id_8013,4.845
id_8014,4.215
id_8015,4.44
id_8016,4.255
id_8017,3.13
id_8018,3.75
id_8019,4.62
id_8020,4.11
id_8021,3.905
id_8022,3.5
id_8023,4.5
id_8024,4.51
id_8025,3.56
id_8026,4.365
id_8027,4.335
id_8028,4.965
id_8029,3.775
id_8030,3.42
id_8031,4.69
id_8032,4.205
id_8033,3.3
id_8034,3.995
id_8035,3.82
id_8036,3.53
id_8037,2.87
id_8038,3.51
id_8039,3.895
id_8040,4.46
id_8041,3.005
id_8042,3.995
id_8043,4.47
id_8044,4.22
id_8045,3.86
id_8046,2.755
id_8047,4.385
id_8048,4.365
id_8049,4.255
id_8050,3.045
id_8051,4.18
id_8052,4.135
id_8053,3.64
id_8054,4.005
id_8055,3.615
id_8056,4.545
id_8057,4.18
id_8058,2.895
id_8059,3.435
id_8060,2.335
id_8061,4.035
id_8062,3.88
id_8063,4.4
id_8064,3.515
id_8065,4.12
id_8066,1.0
id_8067,3.375
id_8068,3.735
id_8069,4.41
id_8070,4.46
id_8071,4.54
id_8072,4.585
id_8073,3.605
id_8074,4.145
id_8075,3.32
id_8076,3.58
id_8077,4.17
id_8078,3.89
id_8079,4.435
id_8080,4.16
id_8081,3.905
id_8082,4.015
id_8083,4.035
id_8084,2.41
id_8085,3.94
id_8086,4.09
id_8087,4.12
id_8088,3.385
id_8089,4.21
id_8090,4.48
id_8091,4.075
id_8092,3.13
id_8093,3.53
id_8094,3.89
id_8095,4.72
id_8096,3.615
id_8097,3.63
id_8098,3.43
id_8099,3.36
id_8100,4.715
id_8101,4.06
id_8102,4.075
id_8103,4.09
id_8104,4.185
id_8105,3.38
id_8106,4.4
id_8107,4.045
id_8108,4.14
id_8109,4.66
id_8110,4.395
id_8111,4.915
id_8112,4.09
id_8113,4.355
id_8114,3.905
id_8115,3.48
id_8116,3.85
id_8117,2.625
id_8118,3.265
id_8119,4.8
id_8120,4.375
id_8121,4.2
id_8122,3.105
id_8123,3.9
id_8124,4.39
id_8125,4.43
id_8126,3.565
id_8127,3.835
id_8128,3.755
id_8129,4.075
id_8130,3.91
id_8131,2.07
id_8132,4.435
id_8133,3.89
id_8134,4.385
id_8135,3.27
id_8136,4.125
id_8137,3.52
id_8138,3.285
id_8139,4.525
id_8140,3.81
id_8141,4.64
id_8142,3.815
id_8143,2.88
id_8144,4.1
id_8145,4.575
id_8146,3.83
id_8147,4.515
id_8148,3.76
id_8149,4.905
id_8150,3.09
id_8151,3.77
id_8152,3.47
id_8153,4.53
id_8154,2.11
id_8155,4.0
id_8156,4.79
id_8157,4.3
id_8158,4.57
id_8159,5.0
id_8160,5.0
id_8161,4.36
id_8162,4.02
id_8163,3.63
id_8164,4.225
id_8165,4.12
id_8166,3.755
id_8167,3.78
id_8168,3.28
id_8169,3.505
id_8170,5.0
id_8171,4.005
id_8172,3.87
id_8173,3.335
id_8174,4.315
id_8175,3.815
id_8176,4.25
id_8177,3.045
id_8178,2.02
id_8179,3.125
id_8180,2.64
id_8181,3.555
id_8182,4.355
id_8183,4.415
id_8184,4.35
id_8185,4.515
id_8186,3.825
id_8187,3.94
id_8188,3.655
id_8189,3.985
id_8190,4.37
id_8191,4.145
id_8192,3.755
id_8193,4.02
id_8194,3.68
id_8195,4.0
id_8196,3.76
id_8197,4.085
id_8198,3.55
id_8199,3.135
id_8200,4.325
id_8201,4.46
id_8202,4.505
id_8203,3.805
id_8204,4.16
id_8205,4.435
id_8206,3.22
id_8207,4.715
id_8208,3.02
id_8209,4.45
id_8210,4.0
id_8211,3.835
id_8212,4.46
id_8213,3.4
id_8214,4.745
id_8215,3.105
id_8216,3.825
id_8217,4.42
id_8218,4.615
id_8219,4.24
id_8220,4.485
id_8221,4.11
id_8222,3.03
id_8223,4.3
id_8224,3.32
id_8225,4.155
id_8226,3.915
id_8227,2.115
id_8228,4.045
id_8229,4.455
id_8230,4.94
id_8231,4.455
id_8232,3.52
id_8233,4.64
id_8234,4.095
id_8235,4.0
id_8236,4.69
id_8237,3.395
id_8238,3.615
id_8239,3.065
id_8240,2.755
id_8241,4.285
id_8242,4.095
id_8243,5.0
id_8244,4.02
id_8245,2.925
id_8246,3.535
id_8247,4.375
id_8248,3.675
id_8249,4.115
id_8250,4.265
id_8251,4.075
id_8252,4.27
id_8253,4.53
id_8254,4.94
id_8255,4.15
id_8256,4.725
id_8257,3.165
id_8258,2.93
id_8259,4.02
id_8260,3.015
id_8261,4.04
id_8262,3.415
id_8263,4.095
id_8264,4.0
id_8265,3.855
id_8266,4.14
id_8267,4.025
id_8268,3.375
id_8269,3.985
id_8270,4.81
id_8271,4.575
id_8272,4.955
id_8273,4.375
id_8274,4.29
id_8275,4.355
id_8276,5.0
id_8277,4.08
id_8278,3.375
id_8279,3.68
id_8280,4.3
id_8281,4.595
id_8282,4.935
id_8283,3.505
id_8284,4.165
id_8285,4.46
id_8286,2.875
id_8287,3.555
id_8288,3.035
id_8289,3.745
id_8290,4.405
id_8291,3.805
id_8292,4.38
id_8293,4.295
id_8294,3.16
id_8295,4.1
id_8296,3.75
id_8297,3.43
id_8298,4.41
id_8299,4.385
id_8300,3.89
id_8301,4.445
id_8302,2.855
id_8303,4.08
id_8304,3.01
id_8305,4.535
id_8306,4.145
id_8307,2.95
id_8308,2.92
id_8309,3.98
id_8310,4.04
id_8311,4.455
id_8312,3.95
id_8313,4.025
id_8314,3.85
id_8315,4.39
id_8316,3.64
id_8317,4.49
id_8318,4.29
id_8319,4.37
id_8320,4.53
id_8321,3.635
id_8322,4.465
id_8323,4.51
id_8324,4.185
id_8325,4.04
id_8326,4.29
id_8327,3.77
id_8328,4.825
id_8329,3.86
id_8330,4.44
id_8331,4.395
id_8332,4.07
id_8333,3.8
id_8334,3.765
id_8335,3.69
id_8336,4.475
id_8337,4.055
id_8338,4.495
id_8339,4.395
id_8340,3.795
id_8341,3.075
id_8342,3.835
id_8343,4.06
id_8344,3.385
id_8345,4.21
id_8346,3.315
id_8347,3.98
id_8348,4.55
id_8349,3.77
id_8350,3.555
id_8351,4.145
id_8352,4.31
id_8353,3.58
id_8354,5.0
id_8355,3.985
id_8356,4.52
id_8357,3.615
id_8358,3.695
id_8359,4.385
id_8360,3.485
id_8361,3.145
id_8362,4.635
id_8363,4.45
id_8364,3.77
id_8365,3.615
id_8366,4.21
id_8367,4.215
id_8368,4.795
id_8369,3.895
id_8370,4.26
id_8371,3.91
id_8372,4.5
id_8373,3.22
id_8374,4.24
id_8375,3.875
id_8376,3.755
id_8377,5.0
id_8378,4.48
id_8379,4.395
id_8380,3.37
id_8381,4.14
id_8382,1.99
id_8383,4.325
id_8384,4.125
id_8385,3.66
id_8386,4.76
id_8387,4.015
id_8388,4.57
id_8389,4.635
id_8390,3.27
id_8391,4.325
id_8392,4.295
id_8393,4.0
id_8394,4.34
id_8395,3.815
id_8396,2.85
id_8397,4.305
id_8398,5.0
id_8399,4.05
id_8400,4.015
id_8401,5.0
id_8402,4.05
id_8403,3.6
id_8404,3.29
id_8405,4.98
id_8406,4.07
id_8407,3.755
id_8408,3.655
id_8409,4.335
id_8410,4.62
id_8411,3.34
id_8412,4.0
id_8413,4.345
id_8414,3.06
id_8415,5.0
id_8416,4.77
id_8417,3.965
id_8418,2.55
id_8419,4.22
id_8420,4.145
id_8421,4.0
id_8422,4.38
id_8423,2.905
id_8424,4.315
id_8425,3.675
id_8426,4.305
id_8427,3.46
id_8428,4.22
id_8429,4.605
id_8430,4.375
id_8431,4.87
id_8432,4.015
id_8433,4.31
id_8434,3.64
id_8435,3.645
id_8436,3.995
id_8437,4.59
id_8438,4.08
id_8439,4.1
id_8440,4.395
id_8441,3.135
id_8442,4.17
id_8443,4.325
id_8444,3.54
id_8445,4.485
id_8446,3.485
id_8447,3.0
id_8448,4.1
id_8449,4.31
id_8450,4.98
id_8451,4.03
id_8452,3.895
id_8453,4.24
id_8454,3.86
id_8455,4.49
id_8456,3.53
id_8457,4.815
id_8458,3.075
id_8459,3.55
id_8460,4.0
id_8461,1.87
id_8462,4.42
id_8463,4.125
id_8464,3.535
id_8465,4.625
id_8466,5.0
id_8467,3.0
id_8468,3.635
id_8469,4.43
id_8470,3.95
id_8471,4.83
id_8472,3.6
id_8473,4.395
id_8474,3.32
id_8475,4.24
id_8476,4.1
id_8477,3.075
id_8478,4.58
id_8479,2.835
id_8480,3.685
id_8481,4.445
id_8482,3.075
id_8483,3.74
id_8484,3.63
id_8485,4.63
id_8486,3.79
id_8487,4.815
id_8488,3.655
id_8489,4.06
id_8490,4.84
id_8491,2.61
id_8492,3.775
id_8493,4.055
id_8494,3.845
id_8495,4.0
id_8496,3.825
id_8497,2.87
id_8498,4.385
id_8499,3.84
id_8500,4.43
id_8501,4.075
id_8502,4.43
id_8503,3.74
id_8504,4.35
id_8505,4.295
id_8506,4.445
id_8507,4.215
id_8508,3.93
id_8509,4.425
id_8510,4.265
id_8511,3.955
id_8512,3.575
id_8513,3.805
id_8514,3.235
id_8515,4.575
id_8516,3.66
id_8517,4.36
id_8518,4.355
id_8519,4.445
id_8520,4.055
id_8521,4.24
id_8522,3.995
id_8523,3.67
id_8524,4.5
id_8525,4.23
id_8526,3.765
id_8527,4.06
id_8528,4.93
id_8529,3.385
id_8530,4.57
id_8531,3.795
id_8532,2.8
id_8533,4.085
id_8534,3.845
id_8535,2.46
id_8536,4.835
id_8537,4.145
id_8538,1.345
id_8539,4.305
id_8540,4.08
id_8541,4.17
id_8542,4.125
id_8543,4.325
id_8544,4.415
id_8545,3.465
id_8546,4.225
id_8547,4.11
id_8548,3.835
id_8549,4.86
id_8550,3.855
id_8551,4.295
id_8552,5.0
id_8553,4.095
id_8554,4.46
id_8555,4.405
id_8556,4.82
id_8557,4.485
id_8558,4.55
id_8559,3.95
id_8560,4.245
id_8561,3.47
id_8562,3.965
id_8563,4.24
id_8564,4.84
id_8565,4.315
id_8566,4.725
id_8567,3.99
id_8568,4.25
id_8569,3.555
id_8570,2.895
id_8571,4.225
id_8572,4.96
id_8573,3.535
id_8574,4.13
id_8575,4.5
id_8576,3.62
id_8577,4.34
id_8578,4.27
id_8579,4.04
id_8580,4.385
id_8581,3.315
id_8582,4.41
id_8583,3.58
id_8584,3.825
id_8585,4.115
id_8586,3.885
id_8587,4.02
id_8588,3.765
id_8589,4.03
id_8590,3.8
id_8591,2.97
id_8592,4.98
id_8593,4.01
id_8594,4.435
id_8595,4.57
id_8596,4.27
id_8597,2.27
id_8598,4.025
id_8599,4.14
id_8600,4.44
id_8601,4.28
id_8602,4.115
id_8603,4.27
id_8604,3.8
id_8605,3.835
id_8606,3.145
id_8607,3.65
id_8608,4.47
id_8609,3.105
id_8610,3.92
id_8611,4.485
id_8612,4.21
id_8613,4.68
id_8614,3.38
id_8615,3.955
id_8616,4.89
id_8617,4.36
id_8618,3.565
id_8619,3.06
id_8620,4.24
id_8621,3.565
id_8622,4.125
id_8623,3.895
id_8624,4.7
id_8625,4.685
id_8626,3.95
id_8627,4.52
id_8628,2.485
id_8629,4.565
id_8630,4.44
id_8631,4.02
id_8632,4.08
id_8633,4.125
id_8634,3.615
id_8635,3.995
id_8636,4.235
id_8637,4.575
id_8638,4.15
id_8639,3.025
id_8640,2.595
id_8641,2.405
id_8642,3.72
id_8643,4.26
id_8644,4.3
id_8645,3.68
id_8646,4.485
id_8647,3.765
id_8648,4.61
id_8649,4.19
id_8650,3.875
id_8651,4.38
id_8652,3.66
id_8653,3.515
id_8654,4.065
id_8655,4.3
id_8656,5.0
id_8657,3.95
id_8658,2.89
id_8659,4.03
id_8660,3.52
id_8661,3.425
id_8662,4.04
id_8663,3.825
id_8664,3.485
id_8665,4.14
id_8666,4.04
id_8667,3.405
id_8668,2.335
id_8669,4.07
id_8670,4.49
id_8671,5.0
id_8672,4.57
id_8673,4.535
id_8674,3.58
id_8675,3.55
id_8676,4.15
id_8677,4.15
id_8678,4.36
id_8679,4.165
id_8680,3.02
id_8681,4.45
id_8682,4.585
id_8683,4.4
id_8684,4.455
id_8685,4.06
id_8686,3.185
id_8687,4.715
id_8688,3.785
id_8689,4.015
id_8690,4.515
id_8691,3.67
id_8692,3.815
id_8693,4.435
id_8694,4.92
id_8695,2.71
id_8696,3.545
id_8697,4.39
id_8698,3.705
id_8699,3.92
id_8700,4.52
id_8701,4.29
id_8702,3.965
id_8703,4.33
id_8704,3.625
id_8705,4.535
id_8706,3.78
id_8707,4.425
id_8708,5.0
id_8709,4.545
id_8710,4.545
id_8711,3.515
id_8712,2.855
id_8713,3.8
id_8714,3.98
id_8715,4.205
id_8716,4.39
id_8717,2.93
id_8718,4.225
id_8719,3.955
id_8720,4.025
id_8721,3.715
id_8722,4.04
id_8723,4.95
id_8724,4.09
id_8725,4.27
id_8726,3.335
id_8727,3.755
id_8728,3.91
id_8729,3.89
id_8730,4.035
id_8731,3.025
id_8732,4.245
id_8733,3.015
id_8734,4.06
id_8735,4.0
id_8736,4.205
id_8737,1.125
id_8738,3.53
id_8739,4.0
id_8740,4.42
id_8741,4.395
id_8742,4.27
id_8743,2.695
id_8744,3.915
id_8745,3.685
id_8746,3.59
id_8747,3.53
id_8748,4.165
id_8749,4.485
id_8750,3.05
id_8751,3.26
id_8752,3.1
id_8753,4.46
id_8754,4.515
id_8755,4.18
id_8756,4.0
id_8757,3.7
id_8758,3.875
id_8759,4.325
id_8760,3.25
id_8761,4.645
id_8762,4.59
id_8763,4.04
id_8764,3.615
id_8765,3.855
id_8766,3.765
id_8767,3.425
id_8768,4.03
id_8769,4.08
id_8770,3.835
id_8771,5.0
id_8772,4.315
id_8773,4.395
id_8774,3.855
id_8775,4.405
id_8776,5.0
id_8777,3.57
id_8778,4.4
id_8779,4.405
id_8780,3.005
id_8781,4.47
id_8782,3.525
id_8783,3.925
id_8784,4.56
id_8785,4.575
id_8786,4.545
id_8787,3.99
id_8788,3.535
id_8789,4.175
id_8790,2.95
id_8791,4.0
id_8792,4.35
id_8793,3.47
id_8794,2.02
id_8795,3.19
id_8796,4.47
id_8797,2.635
id_8798,4.475
id_8799,4.35
id_8800,5.0
id_8801,4.25
id_8802,3.785
id_8803,4.035
id_8804,4.24
id_8805,4.65
id_8806,4.795
id_8807,3.81
id_8808,4.015
id_8809,4.225
id_8810,4.93
id_8811,4.43
id_8812,3.84
id_8813,4.58
id_8814,3.985
id_8815,4.16
id_8816,4.085
id_8817,2.655
id_8818,4.68
id_8819,3.5
id_8820,3.1
id_8821,4.015
id_8822,4.985
id_8823,4.955
id_8824,4.03
id_8825,4.885
id_8826,3.33
id_8827,4.445
id_8828,4.47
id_8829,4.005
id_8830,3.525
id_8831,3.76
id_8832,4.325
id_8833,3.17
id_8834,4.31
id_8835,2.845
id_8836,4.37
id_8837,4.25
id_8838,4.5
id_8839,2.605
id_8840,4.52
id_8841,4.2
id_8842,4.825
id_8843,4.06
id_8844,3.63
id_8845,4.205
id_8846,4.05
id_8847,4.14
id_8848,4.775
id_8849,3.89
id_8850,4.015
id_8851,5.0
id_8852,4.51
id_8853,4.235
id_8854,4.29
id_8855,3.19
id_8856,4.01
id_8857,4.545
id_8858,4.445
id_8859,3.59
id_8860,3.585
id_8861,4.985
id_8862,4.0
id_8863,4.26
id_8864,4.585
id_8865,3.99
id_8866,4.475
id_8867,2.605
id_8868,4.185
id_8869,4.215
id_8870,3.76
id_8871,3.855
id_8872,1.52
id_8873,4.285
id_8874,4.0
id_8875,4.35
id_8876,4.36
id_8877,4.03
id_8878,3.015
id_8879,4.375
id_8880,4.14
id_8881,4.225
id_8882,4.515
id_8883,3.615
id_8884,3.49
id_8885,4.065
id_8886,3.165
id_8887,4.19
id_8888,3.75
id_8889,4.015
id_8890,4.225
id_8891,4.405
id_8892,3.975
id_8893,3.925
id_8894,4.0
id_8895,3.49
id_8896,3.94
id_8897,4.255
id_8898,4.225
id_8899,4.115
id_8900,4.49
id_8901,4.31
id_8902,3.52
id_8903,4.345
id_8904,4.135
id_8905,3.965
id_8906,5.0
id_8907,4.075
id_8908,3.86
id_8909,2.5
id_8910,4.09
id_8911,4.205
id_8912,4.49
id_8913,3.73
id_8914,4.035
id_8915,4.505
id_8916,4.78
id_8917,3.85
id_8918,4.415
id_8919,1.185
id_8920,3.66
id_8921,3.555
id_8922,4.29
id_8923,4.06
id_8924,4.48
id_8925,4.04
id_8926,3.96
id_8927,2.77
id_8928,4.62
id_8929,3.54
id_8930,3.775
id_8931,3.955
id_8932,4.5
id_8933,4.465
id_8934,4.115
id_8935,4.435
id_8936,3.555
id_8937,4.395
id_8938,3.93
id_8939,2.93
id_8940,3.275
id_8941,5.0
id_8942,3.66
id_8943,4.905
id_8944,3.81
id_8945,3.855
id_8946,3.905
id_8947,4.46
id_8948,3.545
id_8949,3.99
id_8950,4.115
id_8951,4.28
id_8952,4.39
id_8953,4.47
id_8954,3.77
id_8955,3.73
id_8956,4.485
id_8957,3.975
id_8958,4.72
id_8959,3.855
id_8960,4.995
id_8961,4.25
id_8962,3.655
id_8963,4.31
id_8964,3.075
id_8965,3.165
id_8966,4.245
id_8967,4.165
id_8968,4.09
id_8969,4.625
id_8970,3.99
id_8971,4.52
id_8972,4.475
id_8973,3.76
id_8974,4.005
id_8975,4.17
id_8976,4.055
id_8977,2.1
id_8978,4.0
id_8979,4.355
id_8980,4.25
id_8981,3.88
id_8982,4.695
id_8983,3.775
id_8984,4.31
id_8985,4.36
id_8986,4.08
id_8987,4.055
id_8988,3.21
id_8989,4.525
id_8990,4.47
id_8991,4.12
id_8992,4.86
id_8993,4.07
id_8994,3.895
id_8995,4.09
id_8996,4.61
id_8997,4.6
id_8998,3.055
id_8999,3.975
id_9000,3.42
id_9001,4.32
id_9002,4.265
id_9003,4.11
id_9004,4.17
id_9005,4.17
id_9006,4.135
id_9007,3.65
id_9008,4.0
id_9009,1.62
id_9010,4.115
id_9011,4.255
id_9012,4.345
id_9013,3.985
id_9014,4.325
id_9015,3.9
id_9016,3.225
id_9017,4.0
id_9018,3.285
id_9019,3.59
id_9020,4.995
id_9021,3.865
id_9022,4.27
id_9023,4.245
id_9024,3.545
id_9025,4.835
id_9026,3.845
id_9027,4.665
id_9028,3.515
id_9029,4.815
id_9030,4.305
id_9031,4.015
id_9032,4.095
id_9033,3.695
id_9034,3.98
id_9035,4.26
id_9036,3.605
id_9037,4.245
id_9038,3.615
id_9039,4.015
id_9040,3.57
id_9041,3.99
id_9042,4.97
id_9043,5.0
id_9044,4.24
id_9045,4.455
id_9046,4.41
id_9047,3.155
id_9048,4.26
id_9049,4.8
id_9050,3.985
id_9051,4.36
id_9052,3.39
id_9053,4.31
id_9054,3.615
id_9055,4.485
id_9056,4.3
id_9057,3.645
id_9058,3.0
id_9059,3.54
id_9060,4.07
id_9061,3.22
id_9062,4.15
id_9063,4.11
id_9064,2.33
id_9065,4.1
id_9066,5.0
id_9067,5.0
id_9068,4.565
id_9069,4.475
id_9070,4.445
id_9071,4.09
id_9072,4.63
id_9073,3.62
id_9074,3.175
id_9075,4.02
id_9076,4.005
id_9077,2.85
id_9078,4.095
id_9079,4.995
id_9080,4.17
id_9081,4.21
id_9082,4.215
id_9083,4.515
id_9084,4.21
id_9085,4.31
id_9086,4.185
id_9087,3.495
id_9088,4.7
id_9089,4.005
id_9090,3.965
id_9091,2.9
id_9092,4.85
id_9093,3.92
id_9094,3.685
id_9095,4.02
id_9096,4.71
id_9097,4.695
id_9098,4.145
id_9099,4.07
id_9100,4.07
id_9101,5.0
id_9102,4.315
id_9103,3.865
id_9104,5.0
id_9105,3.25
id_9106,4.44
id_9107,4.695
id_9108,2.01
id_9109,3.585
id_9110,3.97
id_9111,4.725
id_9112,2.685
id_9113,3.545
id_9114,4.515
id_9115,3.76
id_9116,4.455
id_9117,3.595
id_9118,4.255
id_9119,4.425
id_9120,4.565
id_9121,4.915
id_9122,4.175
id_9123,4.475
id_9124,4.05
id_9125,3.01
id_9126,4.69
id_9127,5.0
id_9128,3.51
id_9129,2.505
id_9130,4.57
id_9131,4.495
id_9132,3.925
id_9133,4.445
id_9134,3.455
id_9135,4.745
id_9136,2.875
id_9137,4.96
id_9138,4.485
id_9139,4.085
id_9140,4.08
id_9141,4.0
id_9142,4.17
id_9143,3.045
id_9144,4.665
id_9145,3.51
id_9146,4.76
id_9147,4.385
id_9148,4.745
id_9149,4.675
id_9150,4.025
id_9151,4.59
id_9152,4.08
id_9153,3.925
id_9154,4.96
id_9155,3.565
id_9156,3.8
id_9157,4.095
id_9158,3.63
id_9159,4.035
id_9160,4.225
id_9161,4.46
id_9162,3.925
id_9163,3.995
id_9164,4.435
id_9165,4.69
id_9166,3.945
id_9167,4.42
id_9168,5.0
id_9169,3.19
id_9170,4.4
id_9171,2.07
id_9172,3.735
id_9173,3.82
id_9174,4.665
id_9175,3.73
id_9176,5.0
id_9177,4.425
id_9178,3.4
id_9179,4.825
id_9180,3.755
id_9181,3.665
id_9182,3.27
id_9183,3.905
id_9184,3.81
id_9185,5.0
id_9186,4.08
id_9187,3.17
id_9188,4.285
id_9189,4.03
id_9190,5.0
id_9191,4.64
id_9192,4.285
id_9193,4.09
id_9194,3.845
id_9195,3.78
id_9196,3.735
id_9197,3.815
id_9198,3.995
id_9199,2.075
id_9200,3.985
id_9201,4.075
id_9202,3.46
id_9203,4.385
id_9204,4.19
id_9205,4.015
id_9206,3.625
id_9207,3.205
id_9208,4.63
id_9209,3.625
id_9210,3.365
id_9211,4.175
id_9212,3.04
id_9213,4.08
id_9214,3.73
id_9215,4.18
id_9216,4.385
id_9217,4.025
id_9218,3.755
id_9219,4.325
id_9220,4.62
id_9221,3.395
id_9222,4.545
id_9223,4.0
id_9224,4.45
id_9225,4.01
id_9226,4.47
id_9227,4.055
id_9228,3.44
id_9229,4.19
id_9230,3.385
id_9231,4.325
id_9232,3.73
id_9233,4.595
id_9234,3.04
id_9235,4.525
id_9236,4.985
id_9237,4.405
id_9238,2.69
id_9239,4.095
id_9240,3.69
id_9241,3.34
id_9242,4.225
id_9243,4.45
id_9244,4.205
id_9245,5.0
id_9246,3.82
id_9247,4.53
id_9248,3.485
id_9249,4.235
id_9250,3.735
id_9251,5.0
id_9252,3.42
id_9253,4.265
id_9254,4.31
id_9255,4.5
id_9256,4.43
id_9257,4.015
id_9258,4.11
id_9259,4.395
id_9260,4.0
id_9261,4.0
id_9262,4.995
id_9263,4.49
id_9264,2.275
id_9265,4.285
id_9266,4.365
id_9267,5.0
id_9268,2.99
id_9269,3.56
id_9270,3.64
id_9271,4.18
id_9272,3.13
id_9273,2.775
id_9274,4.07
id_9275,4.355
id_9276,4.575
id_9277,4.575
id_9278,2.82
id_9279,3.875
id_9280,4.385
id_9281,3.765
id_9282,5.0
id_9283,3.845
id_9284,4.445
id_9285,4.215
id_9286,3.89
id_9287,3.0
id_9288,4.19
id_9289,4.5
id_9290,4.23
id_9291,4.34
id_9292,4.225
id_9293,3.755
id_9294,2.82
id_9295,3.795
id_9296,4.445
id_9297,4.235
id_9298,3.195
id_9299,3.52
id_9300,4.29
id_9301,2.035
id_9302,4.805
id_9303,4.3
id_9304,4.155
id_9305,4.3
id_9306,4.645
id_9307,4.49
id_9308,4.07
id_9309,4.37
id_9310,4.22
id_9311,4.37
id_9312,2.765
id_9313,4.465
id_9314,4.645
id_9315,4.385
id_9316,4.425
id_9317,4.0
id_9318,3.155
id_9319,3.16
id_9320,4.015
id_9321,3.3
id_9322,2.18
id_9323,4.225
id_9324,4.09
id_9325,3.165
id_9326,4.455
id_9327,4.625
id_9328,4.12
id_9329,4.21
id_9330,4.155
id_9331,4.575
id_9332,2.875
id_9333,5.0
id_9334,3.755
id_9335,3.0
id_9336,4.42
id_9337,4.48
id_9338,4.4
id_9339,4.275
id_9340,2.535
id_9341,4.51
id_9342,4.455
id_9343,3.08
id_9344,4.67
id_9345,3.05
id_9346,3.845
id_9347,4.95
id_9348,4.24
id_9349,4.43
id_9350,5.0
id_9351,4.08
id_9352,4.49
id_9353,4.44
id_9354,3.545
id_9355,4.715
id_9356,4.055
id_9357,3.635
id_9358,4.34
id_9359,4.26
id_9360,4.46
id_9361,4.145
id_9362,3.855
id_9363,4.1
id_9364,3.66
id_9365,3.485
id_9366,4.495
id_9367,3.45
id_9368,3.975
id_9369,3.005
id_9370,4.485
id_9371,4.125
id_9372,4.2
id_9373,3.445
id_9374,4.48
id_9375,4.09
id_9376,4.045
id_9377,3.78
id_9378,4.05
id_9379,4.865
id_9380,4.46
id_9381,2.77
id_9382,4.43
id_9383,3.715
id_9384,3.86
id_9385,2.015
id_9386,3.605
id_9387,3.06
id_9388,4.395
id_9389,3.785
id_9390,4.0
id_9391,3.82
id_9392,3.36
id_9393,4.025
id_9394,4.365
id_9395,4.445
id_9396,3.565
id_9397,4.59
id_9398,4.0
id_9399,4.115
id_9400,3.7
id_9401,4.51
id_9402,4.025
id_9403,2.98
id_9404,3.965
id_9405,4.405
id_9406,4.17
id_9407,4.515
id_9408,3.72
id_9409,4.53
id_9410,4.37
id_9411,3.0
id_9412,3.895
id_9413,4.57
id_9414,4.445
id_9415,4.0
id_9416,4.205
id_9417,3.99
id_9418,5.0
id_9419,4.115
id_9420,4.405
id_9421,3.005
id_9422,4.12
id_9423,4.16
id_9424,3.94
id_9425,4.315
id_9426,3.87
id_9427,3.99
id_9428,4.04
id_9429,4.15
id_9430,3.955
id_9431,2.6
id_9432,3.825
id_9433,5.0
id_9434,2.725
id_9435,4.635
id_9436,4.455
id_9437,3.86
id_9438,4.115
id_9439,4.275
id_9440,3.815
id_9441,5.0
id_9442,4.445
id_9443,3.62
id_9444,4.48
id_9445,4.0
id_9446,4.42
id_9447,4.135
id_9448,4.45
id_9449,4.425
id_9450,4.485
id_9451,4.525
id_9452,3.96
id_9453,3.375
id_9454,3.86
id_9455,3.865
id_9456,2.925
id_9457,4.5
id_9458,3.545
id_9459,4.28
id_9460,4.7
id_9461,3.84
id_9462,4.365
id_9463,4.12
id_9464,3.97
id_9465,3.995
id_9466,4.21
id_9467,4.755
id_9468,3.76
id_9469,3.485
id_9470,4.015
id_9471,4.165
id_9472,3.765
id_9473,3.955
id_9474,4.02
id_9475,3.83
id_9476,3.64
id_9477,3.935
id_9478,4.985
id_9479,3.955
id_9480,4.585
id_9481,4.14
id_9482,3.65
id_9483,4.495
id_9484,3.6
id_9485,3.845
id_9486,4.16
id_9487,3.565
id_9488,4.0
id_9489,2.92
id_9490,3.69
id_9491,1.41
id_9492,3.84
id_9493,3.975
id_9494,3.795
id_9495,4.01
id_9496,3.975
id_9497,3.935
id_9498,4.525
id_9499,3.875
id_9500,3.82
id_9501,3.835
id_9502,4.64
id_9503,4.275
id_9504,3.47
id_9505,4.475
id_9506,3.375
id_9507,4.0
id_9508,5.0
id_9509,4.855
id_9510,3.88
id_9511,4.165
id_9512,4.595
id_9513,4.83
id_9514,4.88
id_9515,4.195
id_9516,1.52
id_9517,3.755
id_9518,3.995
id_9519,4.08
id_9520,4.075
id_9521,3.02
id_9522,3.825
id_9523,3.83
id_9524,3.64
id_9525,1.975
id_9526,5.0
id_9527,1.0
id_9528,4.375
id_9529,3.835
id_9530,2.38
id_9531,4.0
id_9532,4.585
id_9533,4.31
id_9534,3.48
id_9535,4.185
id_9536,4.055
id_9537,3.755
id_9538,4.025
id_9539,4.965
id_9540,4.335
id_9541,3.84
id_9542,4.1
id_9543,3.585
id_9544,3.975
id_9545,4.985
id_9546,4.475
id_9547,4.07
id_9548,4.395
id_9549,4.145
id_9550,4.02
id_9551,4.675
id_9552,3.355
id_9553,4.53
id_9554,4.28
id_9555,3.52
id_9556,4.155
id_9557,4.565
id_9558,1.0
id_9559,4.01
id_9560,3.105
id_9561,4.355
id_9562,2.95
id_9563,4.565
id_9564,4.0
id_9565,4.13
id_9566,4.375
id_9567,4.16
id_9568,4.74
id_9569,3.635
id_9570,4.025
id_9571,3.675
id_9572,2.955
id_9573,3.56
id_9574,3.475
id_9575,3.615
id_9576,3.915
id_9577,4.455
id_9578,4.115
id_9579,4.09
id_9580,4.0
id_9581,3.335
id_9582,3.375
id_9583,4.095
id_9584,4.185
id_9585,4.355
id_9586,4.09
id_9587,4.495
id_9588,4.155
id_9589,3.5
id_9590,4.2
id_9591,3.44
id_9592,3.26
id_9593,4.12
id_9594,4.09
id_9595,4.88
id_9596,4.28
id_9597,3.28
id_9598,4.38
id_9599,3.995
id_9600,3.675
id_9601,3.915
id_9602,4.08
id_9603,3.925
id_9604,4.265
id_9605,4.11
id_9606,4.935
id_9607,3.835
id_9608,5.0
id_9609,4.455
id_9610,4.555
id_9611,3.99
id_9612,4.335
id_9613,4.515
id_9614,3.67
id_9615,4.155
id_9616,4.345
id_9617,4.145
id_9618,3.695
id_9619,3.915
id_9620,4.565
id_9621,4.58
id_9622,3.935
id_9623,4.7
id_9624,3.225
id_9625,3.165
id_9626,3.815
id_9627,3.99
id_9628,4.005
id_9629,4.325
id_9630,4.87
id_9631,4.65
id_9632,4.97
id_9633,3.695
id_9634,4.225
id_9635,4.24
id_9636,3.615
id_9637,3.82
id_9638,4.115
id_9639,3.185
id_9640,4.51
id_9641,5.0
id_9642,4.01
id_9643,4.025
id_9644,4.675
id_9645,4.535
id_9646,3.73
id_9647,4.78
id_9648,4.19
id_9649,4.425
id_9650,4.0
id_9651,4.0
id_9652,4.615
id_9653,4.56
id_9654,3.325
id_9655,4.155
id_9656,3.68
id_9657,3.415
id_9658,3.66
id_9659,4.035
id_9660,4.565
id_9661,3.285
id_9662,2.77
id_9663,2.78
id_9664,4.1
id_9665,4.355
id_9666,3.895
id_9667,3.615
id_9668,3.79
id_9669,2.8
id_9670,4.1
id_9671,4.265
id_9672,4.18
id_9673,4.22
id_9674,4.82
id_9675,3.725
id_9676,4.435
id_9677,4.755
id_9678,3.71
id_9679,4.465
id_9680,2.84
id_9681,3.655
id_9682,3.845
id_9683,3.99
id_9684,3.47
id_9685,5.0
id_9686,3.465
id_9687,4.11
id_9688,3.01
id_9689,3.675
id_9690,4.1
id_9691,4.22
id_9692,3.925
id_9693,3.895
id_9694,4.42
id_9695,4.06
id_9696,3.51
id_9697,4.095
id_9698,4.1
id_9699,3.855
id_9700,4.865
id_9701,3.54
id_9702,4.125
id_9703,4.07
id_9704,3.95
id_9705,4.96
id_9706,3.91
id_9707,3.55
id_9708,3.93
id_9709,4.45
id_9710,5.0
id_9711,4.26
id_9712,3.785
id_9713,4.955
id_9714,4.615
id_9715,4.495
id_9716,4.29
id_9717,4.515
id_9718,4.385
id_9719,4.11
id_9720,3.715
id_9721,4.085
id_9722,4.105
id_9723,3.85
id_9724,3.93
id_9725,5.0
id_9726,3.62
id_9727,1.96
id_9728,5.0
id_9729,3.545
id_9730,3.75
id_9731,5.0
id_9732,4.475
id_9733,4.21
id_9734,3.66
id_9735,3.045
id_9736,4.465
id_9737,4.395
id_9738,4.115
id_9739,4.0
id_9740,4.765
id_9741,4.0
id_9742,3.965
id_9743,4.78
id_9744,4.095
id_9745,4.1
id_9746,4.41
id_9747,4.345
id_9748,3.98
id_9749,4.145
id_9750,4.25
id_9751,4.34
id_9752,4.635
id_9753,2.64
id_9754,4.225
id_9755,4.25
id_9756,3.91
id_9757,3.195
id_9758,4.53
id_9759,4.58
id_9760,3.585
id_9761,4.0
id_9762,4.895
id_9763,3.495
id_9764,4.18
id_9765,4.25
id_9766,3.59
id_9767,3.67
id_9768,4.035
id_9769,5.0
id_9770,4.01
id_9771,4.44
id_9772,3.975
id_9773,3.955
id_9774,4.62
id_9775,4.165
id_9776,4.95
id_9777,4.55
id_9778,3.8
id_9779,4.26
id_9780,4.04
id_9781,4.245
id_9782,4.445
id_9783,4.375
id_9784,1.5
id_9785,3.61
id_9786,4.205
id_9787,4.6
id_9788,3.715
id_9789,3.845
id_9790,4.045
id_9791,3.53
id_9792,4.06
id_9793,3.915
id_9794,4.095
id_9795,3.465
id_9796,4.245
id_9797,3.545
id_9798,4.24
id_9799,5.0
id_9800,3.59
id_9801,3.55
id_9802,5.0
id_9803,4.26
id_9804,4.025
id_9805,4.405
id_9806,4.535
id_9807,4.12
id_9808,4.35
id_9809,4.365
id_9810,4.18
id_9811,3.945
id_9812,3.295
id_9813,4.02
id_9814,2.675
id_9815,3.935
id_9816,3.945
id_9817,2.165
id_9818,4.12
id_9819,2.02
id_9820,4.925
id_9821,3.785
id_9822,3.445
id_9823,4.91
id_9824,3.17
id_9825,3.355
id_9826,3.935
id_9827,4.595
id_9828,4.0
id_9829,3.98
id_9830,3.515
id_9831,4.165
id_9832,1.61
id_9833,4.015
id_9834,4.52
id_9835,3.99
id_9836,4.495
id_9837,4.39
id_9838,5.0
id_9839,4.265
id_9840,3.77
id_9841,4.01
id_9842,3.86
id_9843,4.105
id_9844,4.105
id_9845,4.445
id_9846,4.355
id_9847,2.955
id_9848,3.51
id_9849,3.81
id_9850,4.49
id_9851,4.0
id_9852,4.34
id_9853,3.75
id_9854,3.945
id_9855,4.745
id_9856,4.38
id_9857,3.595
id_9858,4.995
id_9859,4.01
id_9860,4.155
id_9861,4.02
id_9862,3.435
id_9863,3.49
id_9864,2.84
id_9865,3.915
id_9866,4.535
id_9867,5.0
id_9868,4.45
id_9869,2.065
id_9870,3.795
id_9871,3.53
id_9872,3.175
id_9873,4.47
id_9874,5.0
id_9875,4.26
id_9876,2.755
id_9877,2.185
id_9878,3.83
id_9879,4.565
id_9880,4.0
id_9881,4.32
id_9882,4.465
id_9883,4.55
id_9884,3.33
id_9885,4.12
id_9886,4.685
id_9887,4.0
id_9888,4.335
id_9889,3.56
id_9890,3.965
id_9891,4.245
id_9892,4.1
id_9893,3.72
id_9894,4.215
id_9895,4.31
id_9896,4.15
id_9897,2.95
id_9898,3.91
id_9899,4.455
id_9900,4.33
id_9901,4.07
id_9902,4.215
id_9903,4.085
id_9904,4.12
id_9905,3.085
id_9906,4.77
id_9907,3.955
id_9908,3.905
id_9909,3.885
id_9910,3.385
id_9911,4.415
id_9912,4.215
id_9913,4.335
id_9914,2.725
id_9915,4.155
id_9916,3.81
id_9917,4.07
id_9918,4.575
id_9919,2.13
id_9920,3.985
id_9921,4.32
id_9922,3.645
id_9923,3.8
id_9924,3.85
id_9925,4.035
id_9926,4.455
id_9927,3.795
id_9928,4.335
id_9929,3.675
id_9930,3.71
id_9931,3.83
id_9932,2.98
id_9933,4.305
id_9934,4.84
id_9935,3.925
id_9936,3.105
id_9937,4.165
id_9938,4.345
id_9939,4.0
id_9940,3.745
id_9941,4.03
id_9942,4.195
id_9943,4.425
id_9944,4.39
id_9945,3.88
id_9946,4.745
id_9947,4.515
id_9948,4.565
id_9949,4.26
id_9950,4.48
id_9951,4.33
id_9952,3.98
id_9953,4.075
id_9954,3.99
id_9955,4.835
id_9956,3.59
id_9957,2.565
id_9958,4.25
id_9959,3.51
id_9960,3.0
id_9961,4.0
id_9962,4.055
id_9963,4.21
id_9964,4.125
id_9965,4.355
id_9966,4.365
id_9967,4.345
id_9968,3.0
id_9969,3.48
id_9970,4.27
id_9971,3.57
id_9972,3.06
id_9973,3.0
id_9974,3.485
id_9975,4.445
id_9976,4.425
id_9977,3.645
id_9978,4.585
id_9979,3.865
id_9980,4.37
id_9981,4.075
id_9982,3.52
id_9983,3.875
id_9984,3.4
id_9985,4.01
id_9986,3.385
id_9987,2.955
id_9988,3.6
id_9989,2.915
id_9990,4.525
id_9991,3.565
id_9992,4.345
id_9993,4.605
id_9994,4.205
id_9995,4.495
id_9996,4.145
id_9997,3.17
id_9998,4.41
id_9999,4.25
